1644767901.388462067 0.05668 0.29956 0.06359 0.66024 -0.03444 -0.04441 0.74895
1644767901.428385019 0.06207 0.31965 0.06378 0.65540 -0.03846 -0.04370 0.75304
1644767901.481811047 0.07600 0.35544 0.09105 0.67644 -0.03808 -0.04537 0.73411
1644767901.535155058 0.09347 0.38242 0.11259 0.69425 -0.02243 -0.06272 0.71665
1644767901.588510990 0.11064 0.41195 0.12023 0.69505 -0.00740 -0.08278 0.71414
1644767901.628528118 0.12153 0.43346 0.12387 0.69309 -0.00155 -0.09442 0.71464
1644767901.682001829 0.13220 0.45498 0.13514 0.69574 -0.00562 -0.09719 0.71166
1644767901.735237837 0.14652 0.48086 0.13441 0.69064 -0.00525 -0.10768 0.71512
1644767901.788605928 0.15750 0.49631 0.14726 0.69684 -0.01610 -0.10427 0.70942
1644767901.828542948 0.16341 0.50122 0.15094 0.69714 -0.03455 -0.09572 0.70968
1644767901.881983995 0.18001 0.50246 0.16443 0.70779 -0.04247 -0.09420 0.69883
1644767901.935328007 0.19819 0.49826 0.17710 0.71523 -0.05859 -0.09038 0.69054
1644767901.988880873 0.22217 0.48313 0.18803 0.72315 -0.06083 -0.09489 0.68143
1644767902.028705120 0.23943 0.47057 0.19941 0.72904 -0.06776 -0.08190 0.67617
1644767902.082220078 0.26760 0.45123 0.20778 0.72895 -0.08056 -0.06721 0.67648
1644767902.135430813 0.29768 0.42537 0.19595 0.72138 -0.07920 -0.05855 0.68550
1644767902.188933134 0.32437 0.39819 0.18254 0.71899 -0.06847 -0.05260 0.68963
1644767902.228728056 0.34072 0.37395 0.16228 0.71505 -0.05484 -0.05522 0.69472
1644767902.282042027 0.35509 0.33153 0.13300 0.71690 -0.04080 -0.05855 0.69351
1644767902.335375071 0.35564 0.27238 0.13378 0.71081 -0.06917 -0.02657 0.69947
1644767902.388736963 0.36033 0.21465 0.11945 0.70859 -0.07711 -0.02198 0.70105
1644767902.428793192 0.36296 0.17342 0.10822 0.70943 -0.08825 -0.02513 0.69878
1644767902.482124090 0.36349 0.11823 0.08997 0.70741 -0.09972 -0.02687 0.69922
1644767902.535687923 0.36209 0.06668 0.07086 0.70854 -0.11759 -0.03567 0.69489
1644767902.588848114 0.35791 0.01246 0.04737 0.71057 -0.12481 -0.04605 0.69094
1644767902.629128933 0.35570 -0.02861 0.03265 0.71230 -0.13144 -0.04935 0.68769
1644767902.682215929 0.35016 -0.08260 0.01528 0.71354 -0.13741 -0.05253 0.68499
1644767902.735577106 0.34372 -0.13180 -0.00121 0.70684 -0.14032 -0.05600 0.69106
1644767902.788951159 0.34025 -0.18322 -0.01067 0.69540 -0.14656 -0.05133 0.70164
1644767902.829015970 0.33819 -0.21550 -0.02082 0.68504 -0.15019 -0.05617 0.71064
1644767902.882303953 0.33688 -0.24871 -0.02661 0.67281 -0.14767 -0.05537 0.72281
1644767902.935765028 0.33712 -0.27058 -0.02852 0.66601 -0.14048 -0.05986 0.73014
1644767902.989049196 0.33892 -0.27976 -0.02240 0.66273 -0.13369 -0.05863 0.73449
1644767903.029165983 0.34188 -0.27702 -0.00973 0.66333 -0.12925 -0.05623 0.73493
1644767903.082432032 0.34884 -0.26092 0.00822 0.66889 -0.12017 -0.04881 0.73196
1644767903.135720968 0.35333 -0.24456 0.02713 0.67361 -0.11554 -0.04385 0.72869
1644767903.189060211 0.36367 -0.20593 0.05021 0.67944 -0.11246 -0.02721 0.72455
1644767903.229106903 0.36893 -0.17941 0.06711 0.68280 -0.11616 -0.01470 0.72116
1644767903.282435179 0.37845 -0.12932 0.09053 0.69039 -0.11186 -0.00497 0.71472
1644767903.335800171 0.38694 -0.07618 0.11350 0.69727 -0.10909 -0.00435 0.70845
1644767903.389089108 0.40126 -0.01292 0.13848 0.69924 -0.10512 -0.00408 0.70710
1644767903.429069996 0.41198 0.03146 0.15454 0.69402 -0.10463 -0.00678 0.71228
1644767903.482553005 0.42903 0.09067 0.17355 0.68927 -0.10592 -0.01301 0.71661
1644767903.535825968 0.44715 0.14739 0.18914 0.68853 -0.10947 -0.02111 0.71659
1644767903.589225054 0.47024 0.20748 0.20538 0.69256 -0.12236 -0.03756 0.70991
1644767903.629194975 0.48374 0.24337 0.21453 0.69471 -0.13052 -0.05015 0.70557
1644767903.682610035 0.50670 0.28975 0.22685 0.69585 -0.14268 -0.06527 0.70084
1644767903.736052990 0.52690 0.32517 0.23823 0.69591 -0.15308 -0.07227 0.69789
1644767903.789191008 0.54507 0.34986 0.24768 0.69295 -0.16099 -0.06911 0.69937
1644767903.829347134 0.55752 0.36182 0.25361 0.69238 -0.17138 -0.06595 0.69777
1644767903.882632017 0.56757 0.36906 0.25892 0.69221 -0.17740 -0.06178 0.69682
1644767903.935918093 0.57258 0.36214 0.25870 0.68945 -0.17836 -0.06096 0.69937
1644767903.989383936 0.57457 0.33888 0.25204 0.69001 -0.17443 -0.05395 0.70040
1644767904.029321909 0.57154 0.31269 0.24366 0.69384 -0.17109 -0.04345 0.69815
1644767904.082696915 0.56392 0.26525 0.22840 0.70164 -0.16701 -0.03025 0.69202
1644767904.136037827 0.55307 0.21016 0.20651 0.70820 -0.15423 -0.02303 0.68857
1644767904.189568043 0.53870 0.14602 0.18238 0.71813 -0.14240 -0.02178 0.68084
1644767904.229475021 0.52607 0.09389 0.16363 0.72341 -0.13600 -0.02013 0.67659
1644767904.282675028 0.50908 0.02815 0.14055 0.72830 -0.13781 -0.02501 0.67080
1644767904.336565018 0.49342 -0.03723 0.12118 0.73054 -0.13726 -0.02479 0.66847
1644767904.389600992 0.47396 -0.09790 0.09986 0.72961 -0.13738 -0.03703 0.66890
1644767904.429472923 0.46263 -0.13932 0.08589 0.72912 -0.14058 -0.04519 0.66827
1644767904.482860088 0.44607 -0.18801 0.06748 0.72510 -0.15220 -0.04812 0.66989
1644767904.536170006 0.43055 -0.22814 0.04795 0.71668 -0.17418 -0.04703 0.67365
1644767904.589483023 0.41550 -0.26114 0.03120 0.70121 -0.18531 -0.04903 0.68670
1644767904.629695892 0.40601 -0.28234 0.01655 0.68881 -0.18980 -0.06436 0.69669
1644767904.682902098 0.39608 -0.30663 0.00065 0.67581 -0.19224 -0.07548 0.70755
1644767904.736201048 0.39116 -0.32602 -0.01083 0.66618 -0.20898 -0.08104 0.71131
1644767904.789604187 0.39137 -0.33874 -0.01607 0.65710 -0.23076 -0.06870 0.71432
1644767904.829650879 0.39352 -0.34237 -0.01603 0.65060 -0.24567 -0.05760 0.71627
1644767904.882980108 0.39626 -0.33902 -0.01020 0.64996 -0.25807 -0.04013 0.71368
1644767904.936474085 0.39948 -0.32054 0.00073 0.65445 -0.25170 -0.01945 0.71272
1644767904.989796162 0.39978 -0.29467 0.01389 0.66460 -0.23577 -0.00869 0.70898
1644767905.029947996 0.40007 -0.26880 0.02705 0.66646 -0.21958 0.00383 0.71246
1644767905.083432913 0.39991 -0.23035 0.04356 0.66525 -0.20036 0.01483 0.71908
1644767905.136451006 0.40112 -0.18709 0.06046 0.66353 -0.18122 0.01991 0.72560
1644767905.189725876 0.40190 -0.14260 0.07437 0.65589 -0.15898 0.01201 0.73783
1644767905.243096113 0.40262 -0.09755 0.08572 0.64985 -0.13816 -0.01236 0.74730
1644767905.283107996 0.40284 -0.06469 0.09324 0.64637 -0.12374 -0.03722 0.75200
1644767905.336485863 0.40432 -0.02091 0.10177 0.64317 -0.11006 -0.07520 0.75404
1644767905.389816999 0.40765 0.02191 0.11026 0.64543 -0.10351 -0.12440 0.74648
1644767905.430002928 0.41068 0.05362 0.11605 0.64871 -0.09654 -0.17145 0.73516
1644767905.496608973 0.41816 0.10380 0.12070 0.65370 -0.08552 -0.25515 0.70730
1644767905.536547184 0.42582 0.13003 0.11963 0.65883 -0.07955 -0.29195 0.68875
1644767905.576661110 0.43800 0.15203 0.11461 0.66391 -0.08453 -0.31695 0.67202
1644767905.643275976 0.46718 0.17826 0.10070 0.67619 -0.11085 -0.33697 0.64570
1644767905.683323860 0.49001 0.18734 0.08925 0.68104 -0.13193 -0.34453 0.63252
1644767905.736917019 0.52446 0.19236 0.07216 0.68216 -0.16072 -0.35134 0.62080
1644767905.789963007 0.56224 0.18753 0.05499 0.67686 -0.18905 -0.35286 0.61775
1644767905.829889059 0.59214 0.17786 0.04374 0.67053 -0.21179 -0.35501 0.61604
1644767905.883439064 0.63184 0.16090 0.03026 0.66278 -0.24050 -0.34889 0.61738
1644767905.936698198 0.67047 0.14142 0.01872 0.65539 -0.26910 -0.33882 0.61908
1644767905.990207911 0.70631 0.11991 0.01023 0.64701 -0.29642 -0.33002 0.62016
1644767906.029980898 0.73163 0.10239 0.00446 0.63821 -0.31391 -0.32160 0.62507
1644767906.083324909 0.76216 0.07627 -0.00299 0.62444 -0.32928 -0.31595 0.63390
1644767906.136720896 0.78809 0.04403 -0.01026 0.61524 -0.33502 -0.31434 0.64064
1644767906.190117836 0.81437 0.00896 -0.01877 0.61413 -0.33614 -0.31274 0.64190
1644767906.230148077 0.83257 -0.01935 -0.02628 0.61633 -0.33731 -0.31326 0.63893
1644767906.283554077 0.84935 -0.06010 -0.03181 0.61933 -0.34995 -0.31069 0.63043
1644767906.336732864 0.87407 -0.10290 -0.04155 0.61977 -0.36418 -0.30020 0.62700
1644767906.390100002 0.90320 -0.14722 -0.05302 0.61540 -0.36828 -0.29571 0.63104
1644767906.430189133 0.92788 -0.18124 -0.06160 0.61656 -0.36839 -0.29462 0.63035
1644767906.483679056 0.95695 -0.23037 -0.07154 0.61966 -0.37146 -0.29234 0.62655
1644767906.536787033 0.98433 -0.27856 -0.07838 0.62350 -0.38014 -0.28669 0.62012
1644767906.590266943 1.00925 -0.32713 -0.08193 0.62654 -0.38994 -0.27878 0.61456
1644767906.630202770 1.03039 -0.35992 -0.08223 0.62540 -0.39460 -0.27544 0.61425
1644767906.683636904 1.05268 -0.40156 -0.07861 0.61888 -0.40217 -0.27702 0.61523
1644767906.736902952 1.07587 -0.44093 -0.07335 0.61293 -0.41029 -0.27506 0.61670
1644767906.790245056 1.09860 -0.47833 -0.06882 0.60497 -0.41760 -0.27889 0.61793
1644767906.830420017 1.11479 -0.50574 -0.06562 0.60054 -0.42113 -0.28302 0.61799
1644767906.883629084 1.13199 -0.53970 -0.06058 0.59396 -0.42290 -0.28838 0.62065
1644767906.937075853 1.14956 -0.57124 -0.05520 0.58702 -0.42554 -0.29459 0.62253
1644767906.990414143 1.16931 -0.60075 -0.05019 0.58145 -0.42578 -0.30591 0.62212
1644767907.030432940 1.18397 -0.62202 -0.04658 0.57644 -0.42736 -0.31749 0.61990
1644767907.083695173 1.20831 -0.65261 -0.04098 0.56985 -0.43483 -0.32842 0.61509
1644767907.137099028 1.23232 -0.68213 -0.03373 0.56564 -0.44356 -0.33688 0.60813
1644767907.190532207 1.25884 -0.71161 -0.02471 0.56500 -0.45297 -0.34774 0.59554
1644767907.230350018 1.27733 -0.73256 -0.01552 0.56733 -0.45640 -0.35259 0.58781
1644767907.283869028 1.30217 -0.76026 -0.00165 0.56242 -0.46394 -0.36057 0.58175
1644767907.337135077 1.32340 -0.78316 0.01197 0.55681 -0.47058 -0.37079 0.57535
1644767907.390426874 1.34357 -0.80536 0.02517 0.55179 -0.48015 -0.37654 0.56850
1644767907.430454969 1.35920 -0.82076 0.03388 0.54621 -0.48597 -0.38236 0.56506
1644767907.483788013 1.37409 -0.84175 0.04225 0.53849 -0.49353 -0.39237 0.55902
1644767907.537132978 1.39122 -0.86590 0.04795 0.53229 -0.50091 -0.39990 0.55303
1644767907.590546846 1.40394 -0.89032 0.05049 0.52744 -0.50650 -0.40742 0.54706
1644767907.630448818 1.40853 -0.90945 0.05010 0.52548 -0.51080 -0.41404 0.53994
1644767907.683947086 1.41551 -0.93854 0.04868 0.52409 -0.51623 -0.42100 0.53065
1644767907.737200022 1.41778 -0.96959 0.04604 0.52028 -0.52238 -0.42788 0.52282
1644767907.790587902 1.42475 -1.00211 0.04505 0.51761 -0.52880 -0.43380 0.51408
1644767907.830555916 1.42722 -1.02595 0.04445 0.51514 -0.53779 -0.43470 0.50640
1644767907.883916140 1.43602 -1.05755 0.04806 0.50922 -0.54832 -0.43535 0.50051
1644767907.937342882 1.44492 -1.08593 0.05491 0.50293 -0.55263 -0.43599 0.50158
1644767907.990674019 1.46069 -1.11155 0.06601 0.49514 -0.55823 -0.43623 0.50291
1644767908.030650854 1.47171 -1.12880 0.07600 0.48944 -0.56282 -0.43482 0.50459
1644767908.084028006 1.49186 -1.15208 0.08980 0.48174 -0.56783 -0.43757 0.50401
1644767908.137363911 1.50940 -1.17366 0.10283 0.47833 -0.56945 -0.44102 0.50243
1644767908.190744162 1.52837 -1.19635 0.11456 0.47208 -0.57296 -0.44101 0.50435
1644767908.230676889 1.54504 -1.21446 0.12301 0.46554 -0.58004 -0.43842 0.50458
1644767908.284069061 1.56234 -1.24026 0.13522 0.45714 -0.58734 -0.43595 0.50597
1644767908.337460041 1.57862 -1.26808 0.14723 0.44430 -0.59124 -0.44003 0.50933
1644767908.390726805 1.59541 -1.29612 0.15992 0.43789 -0.59210 -0.44188 0.51226
1644767908.430817127 1.60471 -1.31695 0.17055 0.43230 -0.59022 -0.44758 0.51423
1644767908.484131098 1.61766 -1.34316 0.18707 0.43256 -0.58648 -0.45145 0.51490
1644767908.537453175 1.62824 -1.36653 0.20745 0.43885 -0.58184 -0.45090 0.51534
1644767908.590790987 1.63793 -1.38493 0.23162 0.44867 -0.57977 -0.44684 0.51273
1644767908.630960226 1.64344 -1.39508 0.25071 0.45649 -0.57747 -0.44473 0.51026
1644767908.684232950 1.65096 -1.40571 0.27674 0.46397 -0.57540 -0.44232 0.50793
1644767908.737488985 1.65600 -1.41117 0.30198 0.46884 -0.57755 -0.43808 0.50469
1644767908.791137934 1.66239 -1.41226 0.32781 -0.47721 0.57953 0.43727 -0.49518
1644767908.830981970 1.66205 -1.40966 0.34612 -0.48332 0.57706 0.44244 -0.48750
1644767908.884246111 1.66301 -1.40657 0.36973 -0.49105 0.56957 0.45701 -0.47498
1644767908.937562943 1.66865 -1.40141 0.39279 -0.50432 0.55740 0.46963 -0.46304
1644767908.990938902 1.67078 -1.39568 0.41429 -0.51607 0.55009 0.47378 -0.45454
1644767909.031022072 1.67506 -1.39065 0.43038 -0.52597 0.54490 0.47176 -0.45153
1644767909.084325075 1.67470 -1.37864 0.44893 0.53929 -0.53115 -0.47410 0.44974
1644767909.137779951 1.67679 -1.36468 0.46529 0.55080 -0.51298 -0.48055 0.45005
1644767909.191096067 1.67865 -1.34735 0.47889 0.55856 -0.49590 -0.49212 0.44711
1644767909.231040001 1.68038 -1.33245 0.48705 0.56534 -0.48254 -0.50235 0.44180
1644767909.284435034 1.67878 -1.31038 0.49500 0.57876 -0.46811 -0.51076 0.43017
1644767909.337923050 1.67938 -1.28446 0.50311 0.58780 -0.46124 -0.52000 0.41394
1644767909.391092062 1.67639 -1.25734 0.51033 0.59347 -0.45612 -0.52836 0.40074
1644767909.431093931 1.67720 -1.23535 0.51639 0.59615 -0.45701 -0.53132 0.39173
1644767909.484483004 1.67477 -1.20152 0.52105 0.60696 -0.45224 -0.52752 0.38575
1644767909.537770033 1.67150 -1.16785 0.52882 0.61624 -0.45132 -0.51898 0.38370
1644767909.591108084 1.66571 -1.13246 0.53577 0.61685 -0.45487 -0.51209 0.38776
1644767909.631170988 1.66138 -1.10338 0.54090 0.62104 -0.45006 -0.50513 0.39572
1644767909.684650898 1.65176 -1.06071 0.54725 0.63230 -0.43213 -0.50244 0.40127
1644767909.738051176 1.64158 -1.01670 0.55310 0.64214 -0.41403 -0.50456 0.40205
1644767909.791205883 1.63145 -0.97251 0.55776 0.65081 -0.40367 -0.50362 0.39983
1644767909.831413031 1.62212 -0.93985 0.56260 0.65630 -0.39928 -0.50354 0.39533
1644767909.884573936 1.61027 -0.89725 0.56671 0.66722 -0.38792 -0.49576 0.39820
1644767909.938101053 1.59496 -0.85453 0.56958 0.67995 -0.37165 -0.48835 0.40132
1644767909.991276026 1.57952 -0.81096 0.57150 0.69215 -0.35393 -0.48953 0.39499
1644767910.031337976 1.56834 -0.78032 0.57170 0.69937 -0.34428 -0.49287 0.38657
1644767910.084836006 1.55209 -0.74055 0.56696 0.70964 -0.33154 -0.49060 0.38184
1644767910.137976170 1.53413 -0.69880 0.56213 0.71360 -0.32411 -0.48868 0.38330
1644767910.191545010 1.51324 -0.65797 0.55455 0.71482 -0.31288 -0.49289 0.38495
1644767910.231537819 1.49873 -0.62433 0.55262 0.71524 -0.30535 -0.49643 0.38568
1644767910.284804106 1.47498 -0.58539 0.54601 0.71712 -0.29888 -0.49812 0.38508
1644767910.338074207 1.45175 -0.54231 0.54689 0.72553 -0.28805 -0.49685 0.37917
1644767910.391450167 1.41978 -0.50190 0.54788 0.73531 -0.27542 -0.49807 0.36794
1644767910.431535006 1.39817 -0.46976 0.55209 0.74282 -0.26724 -0.49130 0.36800
1644767910.484750032 1.36682 -0.42713 0.55598 0.74741 -0.25948 -0.48929 0.36693
1644767910.538153887 1.33502 -0.38813 0.55760 0.75194 -0.25405 -0.48133 0.37198
1644767910.591549873 1.30368 -0.34649 0.56041 0.75486 -0.24847 -0.47387 0.37934
1644767910.631525040 1.27838 -0.31700 0.56199 0.75645 -0.24291 -0.47072 0.38367
1644767910.684875011 1.24655 -0.27430 0.56333 0.75535 -0.23658 -0.46999 0.39062
1644767910.738229990 1.21159 -0.23590 0.55973 0.75301 -0.22899 -0.47005 0.39948
1644767910.791767120 1.17790 -0.19122 0.55573 0.75174 -0.21843 -0.46992 0.40785
1644767910.832013130 1.15164 -0.16086 0.54952 0.75214 -0.20904 -0.46928 0.41274
1644767910.884895086 1.11848 -0.11595 0.54328 0.75481 -0.19449 -0.46743 0.41708
1644767910.938308001 1.08096 -0.07457 0.53506 0.75984 -0.17790 -0.46465 0.41845
1644767910.991633892 1.04435 -0.02404 0.53342 0.76256 -0.16258 -0.46387 0.42058
1644767911.032071829 1.01462 0.00815 0.53037 0.76212 -0.15159 -0.46312 0.42627
1644767911.085229158 0.97634 0.05555 0.52947 0.76372 -0.13235 -0.45153 0.44197
1644767911.138359070 0.93479 0.09876 0.52415 0.76105 -0.11857 -0.44585 0.45604
1644767911.192171097 0.89573 0.14479 0.52177 0.76139 -0.10754 -0.43371 0.46970
1644767911.232336998 0.86643 0.17621 0.51833 0.75867 -0.10017 -0.42376 0.48458
1644767911.285217047 0.82276 0.21648 0.50704 0.75317 -0.09276 -0.41174 0.50458
1644767911.338571072 0.77773 0.25328 0.48895 0.74846 -0.08736 -0.40695 0.51631
1644767911.391843081 0.73089 0.28715 0.46335 0.74908 -0.07317 -0.39903 0.52373
1644767911.432250977 0.69215 0.30358 0.43773 0.74720 -0.05992 -0.39698 0.52963
1644767911.485110044 0.64300 0.32261 0.39883 0.74936 -0.05380 -0.38694 0.53464
1644767911.538521051 0.59416 0.32820 0.35391 0.75571 -0.05467 -0.37185 0.53633
1644767911.591811180 0.54597 0.33222 0.30575 0.75925 -0.05605 -0.35842 0.54031
1644767911.631905079 0.51215 0.33088 0.26695 0.76022 -0.05801 -0.34441 0.54779
1644767911.685110092 0.46919 0.32236 0.21596 0.75815 -0.06040 -0.32251 0.56352
1644767911.738726854 0.42813 0.30733 0.16792 0.75355 -0.06424 -0.30468 0.57896
1644767911.791866064 0.39203 0.28823 0.12345 0.74866 -0.06879 -0.28087 0.59656
1644767911.832115889 0.36808 0.26887 0.09326 0.74341 -0.07060 -0.26886 0.60834
1644767911.885350943 0.33952 0.23842 0.05656 0.73263 -0.07038 -0.25096 0.62874
1644767911.938750982 0.31535 0.20544 0.02220 0.72050 -0.07167 -0.22802 0.65096
1644767912.018736124 0.28892 0.15068 -0.02565 0.70926 -0.06178 -0.18052 0.67863
1644767912.032006979 0.28523 0.14044 -0.03419 0.70903 -0.05811 -0.17068 0.68174
1644767912.085391760 0.27439 0.10382 -0.06251 0.70908 -0.04249 -0.14235 0.68930
1644767912.138693094 0.26924 0.06731 -0.08764 0.70452 -0.02305 -0.11495 0.69994
1644767912.192127943 0.26761 0.02919 -0.11033 0.69272 -0.01105 -0.08324 0.71630
1644767912.232081890 0.27064 0.00259 -0.12414 0.68177 -0.00625 -0.05661 0.72934
1644767912.285582066 0.27815 -0.03255 -0.13839 0.66723 -0.01335 -0.02581 0.74428
1644767912.338828087 0.28697 -0.06451 -0.14716 0.65639 -0.03263 -0.00434 0.75370
1644767912.392205000 0.29468 -0.09549 -0.15267 0.64588 -0.06734 0.01021 0.76039
1644767912.432186842 0.29911 -0.11753 -0.15264 0.63847 -0.09764 0.02272 0.76309
1644767912.485482931 0.30439 -0.14356 -0.15112 0.62566 -0.14602 0.03798 0.76537
1644767912.538821936 0.30777 -0.16538 -0.14693 0.61070 -0.19560 0.07549 0.76360
1644767912.592277050 0.30547 -0.18216 -0.14045 0.60080 -0.24109 0.10600 0.75477
1644767912.632538795 0.30049 -0.19062 -0.13513 0.59836 -0.26986 0.13098 0.74296
1644767912.685478926 0.28994 -0.19363 -0.12603 0.59762 -0.30744 0.17076 0.72054
1644767912.738816023 0.27628 -0.19249 -0.11763 0.59397 -0.34651 0.21533 0.69337
1644767912.792454958 0.26092 -0.18810 -0.11080 0.58526 -0.38900 0.26183 0.66152
1644767912.832514048 0.24924 -0.17856 -0.10861 0.57780 -0.41093 0.28658 0.64433
1644767912.885718107 0.23235 -0.16863 -0.10922 0.57631 -0.41032 0.28963 0.64469
1644767912.939070940 0.21354 -0.16543 -0.11217 0.59416 -0.37147 0.25704 0.66551
1644767912.992476940 0.19617 -0.16379 -0.11333 0.61264 -0.32171 0.21256 0.68992
1644767913.032330036 0.18289 -0.15755 -0.11114 0.62712 -0.28113 0.18082 0.70356
1644767913.085675001 0.16446 -0.15044 -0.10731 0.64566 -0.22665 0.14181 0.71529
1644767913.139212132 0.14674 -0.14764 -0.09889 0.66213 -0.16279 0.09484 0.72532
1644767913.192339897 0.12900 -0.14647 -0.08709 0.67387 -0.09833 0.05204 0.73042
1644767913.232512951 0.11474 -0.14529 -0.07700 0.68469 -0.05422 0.02288 0.72646
1644767913.285719156 0.09637 -0.14377 -0.06423 0.69748 -0.00581 -0.01411 0.71645
1644767913.339116096 0.07960 -0.13819 -0.05105 0.70880 0.03007 -0.03556 0.70387
1644767913.392515182 0.06322 -0.12707 -0.03767 0.72078 0.05240 -0.04198 0.68991
1644767913.432588100 0.05072 -0.11451 -0.02688 0.73294 0.06059 -0.03722 0.67657
1644767913.485923052 0.03365 -0.09332 -0.00979 0.74930 0.06597 -0.03193 0.65816
1644767913.539139032 0.01546 -0.06991 0.01040 0.75988 0.07117 -0.03229 0.64534
1644767913.592514992 -0.00095 -0.04524 0.03269 0.76367 0.07203 -0.03979 0.64034
1644767913.632601023 -0.01300 -0.02764 0.04964 0.76259 0.07051 -0.04081 0.64174
1644767913.686114073 -0.02513 -0.00852 0.07194 0.76244 0.05805 -0.04750 0.64270
1644767913.739285946 -0.03659 0.00988 0.09414 0.76273 0.05102 -0.05277 0.64254
1644767913.792581081 -0.04761 0.02476 0.11329 0.76109 0.04877 -0.05994 0.64402
1644767913.832560062 -0.05684 0.03430 0.12253 0.75988 0.04943 -0.06214 0.64520
1644767913.885848999 -0.06832 0.03849 0.12758 0.76077 0.04970 -0.05754 0.64455
1644767913.939230919 -0.08088 0.03861 0.12036 0.76006 0.04072 -0.04787 0.64680
1644767913.992609024 -0.09038 0.02561 0.10088 0.75654 0.02487 -0.03661 0.65244
1644767914.032647848 -0.09671 0.01060 0.07878 0.75343 0.01741 -0.02179 0.65694
1644767914.086063147 -0.10655 -0.01475 0.04452 0.74822 0.00698 -0.00622 0.66338
1644767914.139445066 -0.12202 -0.03982 0.00310 0.74394 0.00632 0.00668 0.66819
1644767914.192710876 -0.13410 -0.07443 -0.03538 0.73600 0.00817 0.02132 0.67660
