1645102024.331375122 -0.19579 -0.00354 -0.03183 0.78579 -0.02522 0.11462 0.60726
1645102025.078317165 -0.16677 -0.04651 0.00668 0.80775 0.09178 0.01349 0.58218
1645102025.131719828 -0.31650 -0.08790 0.01644 0.73957 0.09498 0.03292 0.66553
1645102025.171895981 -0.36118 -0.09903 0.02102 0.69025 0.09760 0.03725 0.71599
1645102025.225029945 -0.37957 -0.10403 0.03839 0.69311 0.11846 0.02433 0.71062
1645102025.278618813 -0.37249 -0.10784 0.04777 0.71818 0.13526 0.01202 0.68248
1645102025.331898928 -0.37768 -0.12801 0.05843 0.72654 0.15099 -0.00075 0.67032
1645102025.372111797 -0.38376 -0.12966 0.03910 0.73904 0.13526 0.01819 0.65969
1645102025.425251007 -0.39814 -0.13923 0.03389 0.74446 0.13233 0.02672 0.65387
1645102025.478646040 -0.41069 -0.15381 0.02980 0.74700 0.13101 0.03247 0.65098
1645102025.531913996 -0.42527 -0.16888 0.02774 0.74889 0.13231 0.03647 0.64833
1645102025.571883917 -0.44418 -0.18997 0.02253 0.75119 0.13261 0.04137 0.64530
1645102025.625225067 -0.45587 -0.20926 0.02173 0.74904 0.13467 0.04089 0.64740
1645102025.678543091 -0.47086 -0.22625 0.02099 0.74710 0.13549 0.04340 0.64930
1645102025.732046127 -0.48604 -0.24614 0.02007 0.74338 0.13801 0.04836 0.65269
1645102025.771950006 -0.49693 -0.25835 0.02031 0.74462 0.13998 0.05175 0.65059
1645102025.825276852 -0.51285 -0.27625 0.02259 0.74540 0.14457 0.05289 0.64860
1645102025.878633976 -0.52653 -0.29541 0.02403 0.74462 0.14846 0.05193 0.64869
1645102025.932067156 -0.53996 -0.31739 0.02463 0.74474 0.14803 0.06139 0.64783
1645102025.972089052 -0.54834 -0.33450 0.02159 0.74707 0.14511 0.06675 0.64527
1645102026.025079012 -0.56884 -0.34924 0.02271 0.75133 0.14322 0.06837 0.64056
1645102026.078534842 -0.58760 -0.36579 0.02265 0.75282 0.14518 0.06974 0.63822
1645102026.131846905 -0.60466 -0.38619 0.02236 0.75145 0.15357 0.07548 0.63722
1645102026.171989918 -0.61859 -0.40158 0.02156 0.74886 0.16204 0.08186 0.63737
1645102026.225296974 -0.63774 -0.41710 0.01988 0.74964 0.16843 0.09245 0.63335
1645102026.278584003 -0.66013 -0.43464 0.02253 0.74803 0.17944 0.10305 0.63058
1645102026.332080841 -0.68638 -0.44114 0.02214 0.75023 0.19210 0.11337 0.62241
1645102026.372123957 -0.70313 -0.45760 0.02535 0.74880 0.20314 0.12017 0.61935
1645102026.425253153 -0.71661 -0.46774 0.02491 0.74796 0.21645 0.13519 0.61272
1645102026.478622913 -0.73785 -0.48641 0.02760 0.74468 0.23138 0.14977 0.60785
1645102026.531959057 -0.75052 -0.50158 0.02876 0.74415 0.24350 0.15699 0.60191
1645102026.571955919 -0.76733 -0.51881 0.03079 0.74361 0.25447 0.16302 0.59642
1645102026.625354052 -0.78586 -0.54001 0.03388 0.74158 0.27134 0.16980 0.58958
1645102026.678681135 -0.80189 -0.56059 0.03605 0.74246 0.28540 0.17502 0.58024
1645102026.732056141 -0.82009 -0.58478 0.03676 0.74031 0.29994 0.18020 0.57403
1645102026.772006989 -0.83111 -0.59888 0.03738 0.73796 0.30847 0.18511 0.57095
1645102026.825405836 -0.84231 -0.61936 0.03800 0.73475 0.31861 0.19449 0.56640
1645102026.878741980 -0.85254 -0.64279 0.03794 0.73032 0.32927 0.20221 0.56332
1645102026.932101011 -0.86467 -0.66526 0.03715 0.72820 0.33697 0.21182 0.55795
1645102026.972091913 -0.87313 -0.68212 0.03659 0.72447 0.34512 0.21726 0.55572
1645102027.025413036 -0.88671 -0.70754 0.03494 0.71952 0.35517 0.22277 0.55364
1645102027.078805923 -0.89818 -0.73112 0.03367 0.71414 0.36292 0.22957 0.55281
1645102027.132096052 -0.91104 -0.75366 0.03176 0.70806 0.37010 0.23615 0.55309
1645102027.172169924 -0.91875 -0.77189 0.03152 0.70454 0.37524 0.23906 0.55287
1645102027.225562811 -0.92941 -0.79682 0.02961 0.70254 0.37712 0.24362 0.55214
1645102027.279068947 -0.94028 -0.81832 0.02923 0.70104 0.37784 0.24756 0.55181
1645102027.332431793 -0.95188 -0.83638 0.02947 0.70065 0.37943 0.24962 0.55028
1645102027.372285843 -0.96104 -0.84818 0.02985 0.69888 0.38279 0.25375 0.54832
1645102027.425879002 -0.96866 -0.86455 0.02877 0.69285 0.38714 0.26052 0.54974
1645102027.479278088 -0.97740 -0.88230 0.02910 0.69029 0.38916 0.27268 0.54563
1645102027.532562017 -0.98813 -0.89787 0.02747 0.68866 0.39224 0.27924 0.54215
1645102027.572575092 -0.99546 -0.91059 0.02706 0.68692 0.39723 0.28129 0.53965
1645102027.625806093 -1.01017 -0.92914 0.02451 0.68418 0.40197 0.28774 0.53621
1645102027.679187059 -1.02041 -0.94834 0.02190 0.68087 0.40448 0.29776 0.53305
1645102027.732491970 -1.03216 -0.96925 0.01881 0.67528 0.41074 0.30890 0.52903
1645102027.772542000 -1.04856 -0.98525 0.01691 0.66983 0.41820 0.31564 0.52613
1645102027.825908899 -1.06266 -1.00843 0.01572 0.66480 0.42759 0.32109 0.52164
1645102027.879051924 -1.07869 -1.02858 0.01521 0.66124 0.43864 0.32839 0.51237
1645102027.932497978 -1.09622 -1.05066 0.01651 0.65595 0.45135 0.33423 0.50429
1645102027.972483158 -1.10957 -1.06513 0.01814 0.65202 0.46160 0.33973 0.49636
1645102028.025978804 -1.12302 -1.08348 0.02045 0.65001 0.47367 0.34656 0.48272
1645102028.079090834 -1.13498 -1.10492 0.02211 0.64968 0.48633 0.34674 0.47028
1645102028.132516146 -1.14575 -1.12404 0.02381 0.64486 0.50013 0.34145 0.46630
1645102028.172431946 -1.15523 -1.13975 0.02336 0.64075 0.50646 0.34326 0.46379
1645102028.225914955 -1.16351 -1.15912 0.02296 0.63852 0.50727 0.35227 0.45922
1645102028.279222012 -1.16895 -1.17842 0.02157 0.63418 0.50921 0.35977 0.45727
1645102028.332805872 -1.17227 -1.20022 0.02065 0.63236 0.51269 0.36243 0.45377
1645102028.372784853 -1.17342 -1.21814 0.01952 0.63007 0.51559 0.36302 0.45320
1645102028.426099062 -1.17264 -1.24322 0.01778 0.62602 0.51717 0.36614 0.45451
1645102028.479525089 -1.16933 -1.27024 0.01571 0.62402 0.51615 0.37279 0.45301
1645102028.532667875 -1.17415 -1.30364 0.01241 0.61903 0.51562 0.37872 0.45554
1645102028.572725058 -1.16860 -1.32799 0.00992 0.61622 0.51609 0.38194 0.45613
1645102028.625978947 -1.15950 -1.36186 0.00867 0.61371 0.51733 0.38266 0.45749
1645102028.679574013 -1.15476 -1.40002 0.00620 0.60944 0.51770 0.38353 0.46204
1645102028.732890844 -1.14527 -1.43388 0.00579 0.60386 0.51741 0.38888 0.46520
1645102028.772878170 -1.14040 -1.46262 0.00467 0.60168 0.51918 0.39299 0.46259
1645102028.826296091 -1.13049 -1.49552 0.00773 0.60330 0.52403 0.39034 0.45723
1645102028.879592896 -1.12197 -1.52745 0.01107 0.59890 0.53081 0.38451 0.46012
1645102028.932918072 -1.11181 -1.55790 0.01305 0.59666 0.53085 0.38680 0.46106
1645102028.972995996 -1.11117 -1.58515 0.01201 0.59449 0.53132 0.39406 0.45717
1645102029.026303053 -1.10097 -1.61446 0.01247 0.59176 0.53271 0.39552 0.45783
1645102029.079675913 -1.09157 -1.64319 0.01190 0.59136 0.53584 0.39594 0.45431
1645102029.133030891 -1.09119 -1.67448 0.01011 0.58985 0.53821 0.39992 0.44996
1645102029.173185110 -1.08513 -1.69565 0.00915 0.58732 0.54013 0.40268 0.44851
1645102029.226533890 -1.07261 -1.72399 0.00639 0.58190 0.54266 0.40863 0.44714
1645102029.279845238 -1.06098 -1.75444 0.00322 0.57803 0.54550 0.41596 0.44192
1645102029.333187103 -1.06557 -1.78998 0.00279 0.57155 0.55143 0.42049 0.43869
1645102029.373327971 -1.05877 -1.81558 0.00213 0.56594 0.55679 0.42260 0.43717
1645102029.426516056 -1.04961 -1.85117 0.00150 0.56129 0.56306 0.42800 0.42980
1645102029.479867935 -1.04066 -1.88783 0.00227 0.55447 0.57052 0.43346 0.42330
1645102029.533242226 -1.05054 -1.92655 0.00583 0.54361 0.57935 0.44006 0.41857
1645102029.573334932 -1.04595 -1.95330 0.00735 0.53925 0.58407 0.44524 0.41212
1645102029.626538038 -1.05390 -1.98641 0.01111 0.53652 0.59452 0.44579 0.39995
1645102029.679769993 -1.04223 -2.01828 0.01373 0.52854 0.60911 0.43891 0.39621
1645102029.733104944 -1.04974 -2.04589 0.01558 0.52044 0.61603 0.44183 0.39299
1645102029.773126841 -1.04251 -2.06641 0.01494 0.51833 0.61638 0.44782 0.38842
1645102029.826459885 -1.04742 -2.09247 0.01560 0.51562 0.61812 0.45249 0.38383
1645102029.879905939 -1.03659 -2.11884 0.01436 0.51223 0.62342 0.45054 0.38207
1645102029.933094978 -1.02540 -2.14397 0.01298 0.50635 0.62937 0.44968 0.38117
1645102029.973172903 -1.01592 -2.16286 0.01157 0.50205 0.63109 0.45034 0.38323
1645102030.026438951 -1.02165 -2.18708 0.01146 0.49814 0.62996 0.45709 0.38220
1645102030.079823017 -1.00670 -2.21337 0.00849 0.49386 0.63039 0.46207 0.38105
1645102030.133152962 -0.98937 -2.23981 0.00653 0.48904 0.63602 0.46151 0.37859
1645102030.173110008 -0.99665 -2.25823 0.00904 0.48487 0.63973 0.46101 0.37832
1645102030.226529121 -0.97927 -2.28454 0.00717 0.47873 0.64269 0.46585 0.37517
1645102030.280194998 -0.96247 -2.30863 0.00549 0.47612 0.64311 0.47298 0.36880
1645102030.333371878 -0.94651 -2.33228 0.00569 0.47361 0.64791 0.47461 0.36145
1645102030.373581171 -0.94976 -2.35035 0.00981 0.46940 0.65046 0.47611 0.36040
1645102030.427162170 -0.93397 -2.37313 0.01149 0.46835 0.65106 0.48076 0.35444
1645102030.480568171 -0.91919 -2.39590 0.01346 0.46534 0.65267 0.48232 0.35333
1645102030.533833981 -0.90584 -2.41898 0.01519 0.46178 0.65444 0.48362 0.35295
1645102030.573646069 -0.90709 -2.44134 0.01780 0.45939 0.65496 0.48786 0.34926
1645102030.627056837 -0.89019 -2.46474 0.01794 0.45228 0.65891 0.49059 0.34728
1645102030.680361032 -0.87535 -2.48979 0.01775 0.44543 0.66261 0.49437 0.34372
1645102030.733854055 -0.85775 -2.51477 0.01633 0.43782 0.66472 0.50076 0.34015
1645102030.773786783 -0.85542 -2.53885 0.01801 0.43073 0.66640 0.50519 0.33936
1645102030.827087879 -0.83879 -2.56453 0.01681 0.42174 0.66963 0.51104 0.33551
1645102030.880527020 -0.82385 -2.59085 0.01677 0.41211 0.67502 0.51639 0.32841
1645102030.934021235 -0.81688 -2.62147 0.02094 0.40101 0.68296 0.51943 0.32085
1645102030.973779917 -0.80568 -2.64046 0.02296 0.39448 0.68776 0.52175 0.31488
1645102031.027120113 -0.79659 -2.66951 0.02833 0.39015 0.69513 0.52361 0.30069
1645102031.080544949 -0.78123 -2.69279 0.03218 0.38159 0.70427 0.51987 0.29686
1645102031.133735895 -0.77198 -2.71928 0.03694 0.37014 0.70951 0.52141 0.29619
1645102031.173491955 -0.76090 -2.73499 0.03758 0.36696 0.70961 0.52617 0.29143
1645102031.226919889 -0.74521 -2.75454 0.03828 0.36319 0.71084 0.53013 0.28594
1645102031.280315876 -0.72894 -2.77336 0.03887 0.35650 0.71475 0.52986 0.28511
1645102031.333839178 -0.71115 -2.79111 0.03822 0.35257 0.71742 0.52942 0.28412
1645102031.373701811 -0.69677 -2.80445 0.03682 0.35054 0.71798 0.53140 0.28148
1645102031.427190065 -0.67840 -2.82586 0.03598 0.34496 0.71814 0.53546 0.28028
1645102031.480466843 -0.65342 -2.84236 0.03309 0.33913 0.71835 0.53921 0.27968
1645102031.533799887 -0.62719 -2.85866 0.02987 0.33384 0.71877 0.54326 0.27712
1645102031.573898077 -0.60602 -2.87062 0.02753 0.32972 0.72002 0.54567 0.27404
1645102031.627523184 -0.57775 -2.88771 0.02602 0.32526 0.72188 0.54703 0.27175
1645102031.680945873 -0.54775 -2.90221 0.02531 0.31798 0.72416 0.54943 0.26944
1645102031.734436035 -0.52042 -2.91636 0.02629 0.31429 0.72729 0.54985 0.26446
1645102031.774227858 -0.50189 -2.92782 0.02793 0.30981 0.73037 0.54920 0.26258
1645102031.827517033 -0.47656 -2.94099 0.02928 0.30258 0.72983 0.55291 0.26473
1645102031.880377054 -0.45065 -2.94746 0.02964 0.30091 0.72748 0.56027 0.25752
1645102031.934095144 -0.42675 -2.95696 0.03090 0.29947 0.72880 0.56237 0.25082
1645102031.974060059 -0.40782 -2.96435 0.03103 0.29511 0.73152 0.56120 0.25070
1645102032.027068853 -0.38540 -2.97392 0.03124 0.29149 0.73360 0.56151 0.24814
1645102032.080452204 -0.36260 -2.98477 0.03025 0.28845 0.73260 0.56646 0.24333
1645102032.133769989 -0.33936 -2.99603 0.02859 0.28422 0.73087 0.57307 0.23801
1645102032.174034834 -0.32193 -3.00564 0.02705 0.28129 0.73075 0.57666 0.23311
1645102032.227352142 -0.29676 -3.02028 0.02480 0.27502 0.73185 0.58017 0.22839
1645102032.281020880 -0.27219 -3.03412 0.02282 0.26987 0.73290 0.58385 0.22169
1645102032.334188938 -0.24648 -3.04882 0.02137 0.26498 0.73452 0.58718 0.21328
1645102032.374068975 -0.22706 -3.06300 0.02122 0.25930 0.73660 0.58928 0.20722
1645102032.427301884 -0.20105 -3.08040 0.02075 0.25174 0.74187 0.58886 0.19875
1645102032.480570078 -0.17645 -3.09784 0.02175 0.25021 0.74727 0.58499 0.19177
1645102032.534104109 -0.15165 -3.11514 0.02282 0.24294 0.75150 0.58617 0.18064
1645102032.574136019 -0.13002 -3.12948 0.02345 0.23479 0.75409 0.58781 0.17522
1645102032.627424002 -0.10783 -3.14644 0.02573 0.23625 0.76100 0.57978 0.17006
1645102032.680730104 -0.08743 -3.16388 0.02784 0.23270 0.77004 0.56910 0.17036
1645102032.734091997 -0.06636 -3.18130 0.02792 0.22936 0.77362 0.56463 0.17350
1645102032.774105072 -0.05107 -3.19339 0.02765 0.23074 0.77426 0.56445 0.16936
1645102032.827421904 -0.03236 -3.20792 0.02768 0.22907 0.77455 0.56544 0.16694
1645102032.880753994 -0.01295 -3.22019 0.02711 0.22716 0.77570 0.56398 0.16916
1645102032.934195042 0.00782 -3.23164 0.02666 0.22945 0.77455 0.56441 0.16989
1645102032.974324942 0.02362 -3.23966 0.02578 0.23247 0.77234 0.56626 0.16971
1645102033.027425051 0.04726 -3.24807 0.02287 0.23595 0.76870 0.57008 0.16860
1645102033.080735922 0.07184 -3.25695 0.01961 0.23869 0.76505 0.57499 0.16464
1645102033.134145021 0.09960 -3.26388 0.01625 0.23956 0.76389 0.57672 0.16268
1645102033.174384117 0.12126 -3.26949 0.01390 0.23728 0.76513 0.57708 0.15892
1645102033.227720022 0.15221 -3.27703 0.01187 0.23347 0.76640 0.57744 0.15711
1645102033.281899929 0.18357 -3.28444 0.01009 0.22968 0.76691 0.57881 0.15516
1645102033.334213018 0.21487 -3.29072 0.00989 0.22529 0.76894 0.57986 0.14745
1645102033.374165058 0.24164 -3.29490 0.01119 0.22181 0.77155 0.57867 0.14372
1645102033.427870035 0.27325 -3.29942 0.01458 0.21773 0.77644 0.57453 0.14018
1645102033.481084824 0.30420 -3.30387 0.01767 0.21043 0.77943 0.57312 0.14049
1645102033.534430027 0.33521 -3.30815 0.01952 0.20619 0.77878 0.57661 0.13602
1645102033.574632883 0.36099 -3.31062 0.02008 0.20491 0.77830 0.57937 0.12880
1645102033.627938032 0.39171 -3.31597 0.02104 0.19979 0.78006 0.57992 0.12365
1645102033.681368113 0.42339 -3.32022 0.02043 0.19131 0.78166 0.58137 0.12006
1645102033.734682083 0.45601 -3.32350 0.01845 0.18516 0.78118 0.58577 0.11110
1645102033.774667025 0.48357 -3.32703 0.01677 0.17802 0.78060 0.59002 0.10416
1645102033.828122854 0.51790 -3.33253 0.01417 0.16673 0.78046 0.59477 0.09660
1645102033.881356955 0.55256 -3.33741 0.01231 0.15434 0.78243 0.59684 0.08816
1645102033.934751987 0.58797 -3.34029 0.01085 0.14064 0.78561 0.59743 0.07825
1645102033.974785089 0.61416 -3.34634 0.01167 0.12810 0.78821 0.59777 0.07063
1645102034.027806044 0.64824 -3.35475 0.01352 0.11371 0.79127 0.59762 0.06182
1645102034.081176043 0.68317 -3.35935 0.01608 0.10562 0.79352 0.59732 0.04884
1645102034.134491920 0.71705 -3.36769 0.01964 0.09526 0.79717 0.59486 0.03996
1645102034.174623966 0.74153 -3.37400 0.02254 0.08581 0.80140 0.59075 0.03758
1645102034.227839947 0.77269 -3.37915 0.02555 0.07587 0.80526 0.58708 0.03352
1645102034.281234980 0.80379 -3.38390 0.02755 0.06666 0.80593 0.58760 0.02752
1645102034.335006952 0.83402 -3.38687 0.02854 0.05878 0.80672 0.58756 0.02301
1645102034.375120878 0.85640 -3.38948 0.02753 0.05287 0.80666 0.58828 0.02076
1645102034.428411961 0.88740 -3.39031 0.02634 0.04536 0.80682 0.58876 0.01852
1645102034.481738091 0.91863 -3.38949 0.02442 0.03794 0.80685 0.58930 0.01656
1645102034.535093069 0.95070 -3.38677 0.02172 0.03150 0.80629 0.59051 0.01411
1645102034.575086117 0.97341 -3.38506 0.01949 0.02717 0.80704 0.58975 0.01175
1645102034.628528833 1.00764 -3.38038 0.01866 0.01946 0.80770 0.58916 0.01153
1645102034.681806087 1.04195 -3.37379 0.01823 0.01628 0.80848 0.58824 0.00882
1645102034.735164881 1.07502 -3.37219 0.01892 0.01266 0.80922 0.58736 0.00273
1645102034.775185823 1.09937 -3.36866 0.02045 0.00897 0.81075 0.58532 0.00114
1645102034.828674078 1.13021 -3.36440 0.02247 0.00520 0.80977 0.58672 0.00018
1645102034.881911993 1.15981 -3.36250 0.02330 0.00559 0.80626 0.59151 -0.00595
1645102034.935255051 1.18992 -3.35568 0.02380 0.00476 0.80408 0.59438 -0.01160
1645102034.975224972 1.21138 -3.35030 0.02312 0.00106 0.80343 0.59522 -0.01461
1645102035.028632164 1.24100 -3.34864 0.02099 -0.00603 0.80308 0.59549 -0.02029
1645102035.081890106 1.27030 -3.34108 0.01969 -0.01532 0.80298 0.59532 -0.02433
1645102035.135283947 1.30141 -3.33289 0.01806 -0.02628 0.80157 0.59656 -0.03018
1645102035.175279140 1.32445 -3.32580 0.01634 -0.03181 0.80012 0.59790 -0.03629
1645102035.228640079 1.35599 -3.31617 0.01460 -0.04049 0.79891 0.59838 -0.04527
1645102035.282002926 1.39076 -3.31088 0.01398 -0.05241 0.79780 0.59842 -0.05163
1645102035.335345984 1.42409 -3.30110 0.01413 -0.06788 0.79681 0.59729 -0.06107
1645102035.375494957 1.44917 -3.29335 0.01530 -0.07874 0.79649 0.59571 -0.06734
1645102035.428677797 1.48625 -3.28877 0.01784 -0.09047 0.79505 0.59488 -0.07631
1645102035.482072115 1.51758 -3.27875 0.01959 -0.10154 0.79450 0.59197 -0.08958
1645102035.535435915 1.54816 -3.26917 0.02235 -0.11860 0.79550 0.58658 -0.09510
1645102035.575150013 1.57216 -3.26465 0.02619 -0.12978 0.79659 0.58241 -0.09697
1645102035.628486872 1.59963 -3.25481 0.02717 -0.13912 0.79683 0.57847 -0.10530
1645102035.681893826 1.62457 -3.24214 0.02792 -0.14642 0.79653 0.57558 -0.11323
1645102035.735269070 1.64762 -3.22803 0.02785 -0.15909 0.79662 0.57137 -0.11671
1645102035.775798082 1.66369 -3.21627 0.02754 -0.16696 0.79793 0.56716 -0.11736
1645102035.828751087 1.68522 -3.20041 0.02615 -0.17723 0.79624 0.56571 -0.12071
1645102035.882010937 1.70548 -3.18170 0.02422 -0.18440 0.79207 0.56851 -0.12417
1645102035.935290813 1.72555 -3.16275 0.02201 -0.18859 0.78946 0.56992 -0.12800
1645102035.975696802 1.74094 -3.14843 0.02022 -0.19245 0.78770 0.57039 -0.13093
1645102036.028721809 1.76058 -3.12787 0.01754 -0.19635 0.78424 0.57339 -0.13280
1645102036.081907034 1.77924 -3.10680 0.01518 -0.19916 0.78252 0.57368 -0.13745
1645102036.135318041 1.79898 -3.08931 0.01504 -0.20339 0.78396 0.57031 -0.13707
1645102036.175280809 1.81242 -3.07496 0.01371 -0.20642 0.78271 0.57122 -0.13587
1645102036.228687048 1.83082 -3.05650 0.01205 -0.20157 0.78302 0.56964 -0.14756
1645102036.281808853 1.84999 -3.03827 0.01185 -0.19717 0.78683 0.56474 -0.15195
1645102036.335319042 1.87001 -3.01961 0.01156 -0.20187 0.78716 0.56356 -0.14840
1645102036.376068115 1.88342 -3.00313 0.00975 -0.20236 0.78582 0.56405 -0.15290
1645102036.428850889 1.90138 -2.98109 0.00714 -0.20175 0.78281 0.56577 -0.16252
1645102036.482177019 1.92186 -2.96010 0.00525 -0.20689 0.77957 0.56672 -0.16822
1645102036.535660982 1.93888 -2.93264 0.00279 -0.21497 0.77749 0.56493 -0.17365
1645102036.575860977 1.95230 -2.91086 0.00082 -0.22268 0.77357 0.56601 -0.17787
1645102036.628830910 1.97035 -2.88052 -0.00166 -0.23193 0.76602 0.56965 -0.18685
1645102036.682279825 1.99413 -2.85074 -0.00347 -0.24053 0.75877 0.57166 -0.19904
1645102036.735566139 2.01286 -2.81758 -0.00463 -0.25362 0.75262 0.57051 -0.20919
1645102036.775681019 2.03025 -2.79357 -0.00460 -0.26388 0.74985 0.56687 -0.21621
1645102036.828890085 2.04838 -2.75894 -0.00239 -0.27486 0.74715 0.56123 -0.22637
1645102036.882277966 2.06763 -2.72586 0.00092 -0.28389 0.74579 0.55460 -0.23582
1645102036.935646057 2.08388 -2.69343 0.00537 -0.29862 0.74411 0.54786 -0.23871
1645102036.975730896 2.09348 -2.66912 0.00864 -0.30963 0.74279 0.54324 -0.23935
1645102037.029000998 2.10439 -2.63722 0.01276 -0.31877 0.74187 0.53683 -0.24459
1645102037.082463026 2.11293 -2.60585 0.01677 -0.32839 0.73920 0.53246 -0.24946
1645102037.135930061 2.12269 -2.57539 0.02032 -0.33842 0.73551 0.53059 -0.25094
1645102037.175919056 2.12841 -2.55119 0.02246 -0.34491 0.73383 0.52809 -0.25229
1645102037.229383945 2.13587 -2.51951 0.02393 -0.35486 0.73060 0.52634 -0.25153
1645102037.282516956 2.14100 -2.48547 0.02412 -0.36596 0.72528 0.52660 -0.25046
1645102037.335856915 2.14441 -2.44927 0.02320 -0.37377 0.71929 0.52789 -0.25347
1645102037.375761986 2.14724 -2.42200 0.02179 -0.37742 0.71498 0.52958 -0.25671
1645102037.429208994 2.14714 -2.38368 0.02071 -0.38286 0.70973 0.53085 -0.26057
1645102037.482586861 2.14619 -2.34436 0.02028 -0.39004 0.70541 0.52909 -0.26521
1645102037.535930872 2.14565 -2.30647 0.01863 -0.39338 0.70260 0.52718 -0.27144
1645102037.575908184 2.14283 -2.27788 0.01843 -0.39280 0.70184 0.52525 -0.27793
1645102037.629266024 2.13963 -2.24116 0.01788 -0.39598 0.69958 0.52219 -0.28479
1645102037.682860136 2.13673 -2.20647 0.01782 -0.39950 0.69834 0.51853 -0.28957
1645102037.735985994 2.13557 -2.17297 0.01857 -0.40292 0.69837 0.51177 -0.29668
1645102037.775921822 2.13195 -2.14644 0.01665 -0.40701 0.69615 0.50918 -0.30076
1645102037.829448938 2.12579 -2.10959 0.01406 -0.41473 0.69132 0.50435 -0.30936
1645102037.882925987 2.12161 -2.07206 0.01158 -0.42252 0.68714 0.49854 -0.31745
1645102037.936195135 2.11780 -2.03375 0.00893 -0.43128 0.68195 0.49211 -0.32675
1645102037.976230860 2.11565 -2.00434 0.00599 -0.43812 0.67744 0.48606 -0.33596
1645102038.029265881 2.10899 -1.96652 0.00260 -0.44876 0.67039 0.47966 -0.34512
1645102038.082549095 2.10471 -1.92797 0.00109 -0.46225 0.66176 0.47358 -0.35231
1645102038.135998011 2.10643 -1.88837 0.00307 -0.47568 0.65329 0.46718 -0.35872
1645102038.175987959 2.10351 -1.86162 0.00513 -0.48653 0.64567 0.46242 -0.36409
1645102038.229134083 2.10489 -1.82568 0.00948 -0.49713 0.63577 0.45758 -0.37321
1645102038.282554865 2.09992 -1.79259 0.01402 -0.50938 0.62786 0.44772 -0.38193
1645102038.336058855 2.09896 -1.75912 0.01879 -0.52597 0.61417 0.44497 -0.38491
1645102038.376093864 2.09518 -1.73794 0.02188 -0.53625 0.60710 0.44001 -0.38763
1645102038.429491997 2.09088 -1.70830 0.02501 -0.54766 0.60328 0.42833 -0.39071
1645102038.482802868 2.08195 -1.68329 0.02668 -0.56171 0.59672 0.41965 -0.39026
1645102038.536123991 2.07143 -1.65799 0.02762 -0.57644 0.58917 0.41141 -0.38901
1645102038.575960159 2.06342 -1.64320 0.02806 -0.58463 0.58502 0.40922 -0.38534
1645102038.629317999 2.05208 -1.62240 0.02819 0.59258 -0.58052 -0.40621 0.38319
1645102038.682735205 2.04172 -1.60702 0.02797 0.59305 -0.58032 -0.40598 0.38301
1645102038.735976934 2.03111 -1.59277 0.02803 0.59205 -0.57908 -0.40905 0.38317
1645102038.776011944 2.02466 -1.58236 0.02861 0.59096 -0.57798 -0.41429 0.38087
1645102038.829430103 2.01514 -1.56997 0.03105 0.58703 -0.58058 -0.41948 0.37732
1645102038.882776976 2.00877 -1.55974 0.03487 -0.58004 0.58630 0.42195 -0.37651
1645102038.936264038 2.00192 -1.55259 0.03909 -0.57780 0.58352 0.42992 -0.37527
1645102038.976143122 1.99683 -1.54711 0.04100 -0.57426 0.58373 0.43239 -0.37752
1645102039.029495955 1.98409 -1.54071 0.04264 -0.56895 0.58767 0.42806 -0.38432
1645102039.082853079 1.96204 -1.53360 0.04096 -0.57055 0.58308 0.42646 -0.39067
1645102039.136168957 1.93135 -1.52569 0.03364 0.57558 -0.57501 -0.42221 0.39976
1645102039.176162958 1.90793 -1.51986 0.02685 0.57787 -0.57385 -0.41474 0.40589
1645102039.229964018 1.87213 -1.51137 0.01543 0.58414 -0.56942 -0.40540 0.41253
1645102039.283072948 1.83709 -1.50586 0.00430 0.59074 -0.56452 -0.39860 0.41647
1645102039.336354971 1.80178 -1.49972 -0.00684 0.60150 -0.55747 -0.38778 0.42077
1645102039.376319885 1.77790 -1.49618 -0.01376 0.60820 -0.55232 -0.37884 0.42604
1645102039.429744244 1.74632 -1.49091 -0.02122 0.61532 -0.54477 -0.36904 0.43408
1645102039.483085155 1.71783 -1.48679 -0.02594 0.62007 -0.53764 -0.36269 0.44149
1645102039.536208868 1.69088 -1.47980 -0.02911 0.62614 -0.52902 -0.35576 0.44891
1645102039.576256037 1.67188 -1.47431 -0.03020 0.62937 -0.52279 -0.34967 0.45642
1645102039.629837036 1.64890 -1.46351 -0.03160 0.63348 -0.51171 -0.34635 0.46573
1645102039.683171988 1.62806 -1.45323 -0.03197 0.63699 -0.50370 -0.34241 0.47254
1645102039.736437082 1.60913 -1.44095 -0.03330 0.63855 -0.49849 -0.33765 0.47933
1645102039.776450157 1.59523 -1.43195 -0.03409 0.64017 -0.49518 -0.33518 0.48232
1645102039.829787970 1.57717 -1.41660 -0.03457 0.64310 -0.49300 -0.33189 0.48292
1645102039.883184910 1.55869 -1.40201 -0.03544 0.64384 -0.49241 -0.32973 0.48403
1645102039.936550856 1.54508 -1.38743 -0.03500 0.64283 -0.49415 -0.32791 0.48483
1645102039.976644039 1.53551 -1.37737 -0.03360 0.64233 -0.49503 -0.32636 0.48564
1645102040.029845953 1.52539 -1.36367 -0.02989 0.64161 -0.49403 -0.32992 0.48520
1645102040.083087206 1.51905 -1.35045 -0.02484 0.64026 -0.49264 -0.33565 0.48447
1645102040.136460066 1.51437 -1.33849 -0.01887 0.63707 -0.49386 -0.33913 0.48501
1645102040.176654100 1.51406 -1.33084 -0.01382 0.63543 -0.49325 -0.34306 0.48501
1645102040.229828119 1.51332 -1.32221 -0.00687 0.63504 -0.49070 -0.34920 0.48373
1645102040.283195972 1.51736 -1.31538 0.00138 0.63411 -0.49136 -0.35234 0.48200
1645102040.336649895 1.51976 -1.31134 0.00771 0.63461 -0.49001 -0.35712 0.47920
1645102040.376671076 1.52725 -1.30962 0.01422 0.63516 -0.48804 -0.36176 0.47699
1645102040.430022955 1.53892 -1.30879 0.02277 0.63477 -0.48774 -0.36548 0.47498
1645102040.483422041 1.54947 -1.31022 0.02847 0.63411 -0.48751 -0.37071 0.47204
1645102040.536676168 1.56715 -1.31428 0.03624 0.63390 -0.49012 -0.37438 0.46668
1645102040.576677084 1.58211 -1.31806 0.04099 0.63338 -0.49208 -0.37818 0.46224
1645102040.630053997 1.60347 -1.32497 0.04522 0.63094 -0.49248 -0.38421 0.46017
1645102040.683552027 1.61931 -1.33260 0.04453 0.62803 -0.49500 -0.38656 0.45950
1645102040.736690998 1.64311 -1.34360 0.04384 0.62260 -0.50002 -0.38827 0.45999
1645102040.776698112 1.66060 -1.35199 0.04285 0.61842 -0.50561 -0.38981 0.45822
1645102040.830080032 1.68484 -1.36213 0.04089 0.61439 -0.51476 -0.38957 0.45364
1645102040.883514166 1.70759 -1.37220 0.03767 0.61056 -0.52233 -0.39069 0.44916
1645102040.936810970 1.72547 -1.37989 0.03257 0.60480 -0.53108 -0.39355 0.44417
1645102040.976795912 1.74267 -1.38677 0.02991 0.59784 -0.53877 -0.39522 0.44286
1645102041.030163050 1.75887 -1.39265 0.02563 0.58932 -0.54503 -0.40051 0.44185
1645102041.083501101 1.77195 -1.40356 0.02190 0.58082 -0.55387 -0.40303 0.43982
1645102041.136884928 1.77452 -1.41372 0.01376 0.57190 -0.56112 -0.40149 0.44372
1645102041.177043915 1.76507 -1.41815 0.00202 0.56726 -0.56266 -0.39635 0.45225
1645102041.230181217 1.74104 -1.42921 -0.01865 0.56438 -0.56165 -0.38260 0.46866
1645102041.283529997 1.70086 -1.44109 -0.04426 0.56658 -0.55804 -0.35834 0.48905
1645102041.337044001 1.64533 -1.45134 -0.07233 0.57389 -0.55067 -0.34366 0.49931
1645102041.377029896 1.59432 -1.45954 -0.09454 0.58143 -0.53537 -0.34115 0.50885
1645102041.430330992 1.51443 -1.47593 -0.12355 0.58744 -0.50981 -0.34649 0.52436
1645102041.483690977 1.42548 -1.49870 -0.15052 0.58593 -0.49483 -0.34067 0.54385
1645102041.536919117 1.33058 -1.52381 -0.17146 0.58956 -0.49190 -0.32423 0.55256
1645102041.576989889 1.26084 -1.54180 -0.18336 0.59862 -0.48561 -0.31938 0.55121
1645102041.630326986 1.17923 -1.55987 -0.19850 0.61137 -0.45978 -0.33860 0.54789
1645102041.683773994 1.12334 -1.57117 -0.20886 0.62266 -0.44667 -0.34006 0.54511
1645102041.737008810 1.09522 -1.57906 -0.21021 0.62704 -0.45703 -0.33345 0.53550
1645102041.777029991 1.08563 -1.58233 -0.20790 0.62110 -0.45615 -0.33234 0.54379
1645102041.830357075 1.08660 -1.58023 -0.20168 0.61132 -0.44390 -0.33645 0.56217
1645102041.883903980 1.10382 -1.57163 -0.19291 0.60859 -0.42998 -0.34398 0.57133
1645102041.937035084 1.13674 -1.55917 -0.18272 0.60757 -0.41925 -0.34618 0.57900
1645102041.977132082 1.16676 -1.54657 -0.17595 0.60747 -0.40724 -0.34527 0.58816
1645102042.030413151 1.21597 -1.52863 -0.16491 0.60420 -0.40258 -0.34557 0.59452
1645102042.084175825 1.27008 -1.51136 -0.15226 0.59574 -0.40519 -0.33684 0.60617
1645102042.137415886 1.32786 -1.49385 -0.13676 0.58153 -0.41416 -0.33399 0.61541
1645102042.177186966 1.37219 -1.48180 -0.12282 0.57127 -0.42366 -0.33220 0.61953
1645102042.230581999 1.43271 -1.46452 -0.10259 0.55674 -0.43768 -0.33541 0.62127
1645102042.284126043 1.49457 -1.44953 -0.08040 0.54740 -0.45114 -0.33818 0.61844
1645102042.337182999 1.55587 -1.43566 -0.05723 0.53842 -0.46358 -0.34268 0.61463
1645102042.377325058 1.60045 -1.42621 -0.04003 0.53394 -0.47276 -0.35301 0.60563
1645102042.430607796 1.65395 -1.41488 -0.01983 0.53251 -0.48293 -0.36551 0.59129
1645102042.483957052 1.69718 -1.40624 -0.00359 0.53306 -0.49595 -0.36777 0.57847
1645102042.537558079 1.72528 -1.40248 0.00855 0.52982 -0.50857 -0.37145 0.56804
1645102042.577603102 1.73438 -1.40371 0.01385 0.52477 -0.51297 -0.37549 0.56612
1645102042.630705833 1.72788 -1.40869 0.01327 0.52152 -0.50462 -0.37637 0.57595
1645102042.683999062 1.70007 -1.41834 0.00296 0.52182 -0.49569 -0.37276 0.58569
1645102042.737370968 1.65588 -1.43061 -0.01306 0.54638 -0.48806 -0.36191 0.57644
1645102042.777382851 1.61561 -1.44152 -0.02737 0.57520 -0.48051 -0.35720 0.55737
1645102042.830651999 1.55269 -1.45745 -0.05073 0.60941 -0.45862 -0.35460 0.54088
1645102042.884074926 1.48385 -1.47601 -0.07791 0.62679 -0.44951 -0.33893 0.53871
1645102042.937505960 1.41471 -1.49369 -0.10689 0.63697 -0.46088 -0.31333 0.53261
1645102042.977527142 1.36433 -1.50329 -0.12823 0.64509 -0.47623 -0.30060 0.51643
1645102043.030884027 1.30419 -1.51303 -0.15594 0.65197 -0.49897 -0.28729 0.49338
1645102043.084236145 1.26074 -1.52178 -0.17725 0.65834 -0.52070 -0.26868 0.47252
1645102043.137433052 1.23239 -1.52782 -0.19212 0.65985 -0.52039 -0.27780 0.46543
1645102043.177474022 1.22056 -1.53298 -0.19811 0.65036 -0.51839 -0.28019 0.47937
1645102043.230859041 1.21424 -1.53852 -0.19909 0.63381 -0.50711 -0.28501 0.50979
1645102043.284259081 1.21418 -1.53874 -0.19619 0.61987 -0.48320 -0.30395 0.53842
1645102043.337773085 1.22137 -1.53603 -0.18834 0.60646 -0.46944 -0.30338 0.56551
1645102043.377596855 1.22816 -1.53209 -0.18114 0.59327 -0.45511 -0.30537 0.58963
1645102043.431020975 1.24137 -1.52619 -0.16796 0.56615 -0.43981 -0.30282 0.62797
1645102043.484305859 1.25538 -1.52016 -0.15304 0.53505 -0.42786 -0.29087 0.66787
1645102043.537629843 1.26995 -1.51353 -0.13577 0.50552 -0.41770 -0.28146 0.70054
1645102043.577703953 1.28033 -1.50899 -0.12135 0.48539 -0.40918 -0.27959 0.72028
1645102043.630979061 1.29568 -1.50430 -0.10151 0.46029 -0.39635 -0.27350 0.74581
1645102043.684448957 1.31331 -1.49909 -0.08283 0.43611 -0.38555 -0.26919 0.76727
1645102043.737857103 1.33315 -1.49586 -0.06644 0.41603 -0.37668 -0.26572 0.78385
1645102043.777768850 1.35057 -1.49013 -0.05611 0.40062 -0.37252 -0.26219 0.79498
1645102043.831146955 1.37629 -1.48632 -0.04537 0.38007 -0.36695 -0.26259 0.80743
1645102043.884614944 1.40469 -1.47831 -0.03740 0.37197 -0.36518 -0.26388 0.81157
1645102043.937876940 1.43447 -1.46750 -0.03120 0.38512 -0.37094 -0.27127 0.80031
1645102043.977970839 1.45687 -1.45876 -0.02643 0.41018 -0.37901 -0.28377 0.77947
1645102044.031055212 1.48412 -1.44511 -0.02051 0.45528 -0.38710 -0.30981 0.73952
1645102044.084514141 1.50937 -1.43223 -0.01359 0.50767 -0.39445 -0.34094 0.68588
1645102044.137794018 1.53181 -1.42071 -0.00508 0.55908 -0.40047 -0.36593 0.62702
1645102044.177932024 1.54686 -1.41495 0.00072 0.59600 -0.40715 -0.37328 0.58281
1645102044.231230974 1.56371 -1.40749 0.00978 0.63516 -0.41781 -0.37699 0.52905
1645102044.284590006 1.57784 -1.40474 0.01708 0.66298 -0.42869 -0.37597 0.48511
1645102044.337866068 1.58886 -1.40492 0.02864 0.67690 -0.44032 -0.37396 0.45616
1645102044.378034830 1.59312 -1.40678 0.03528 0.68184 -0.44961 -0.36713 0.44515
1645102044.431269884 1.59653 -1.40448 0.03809 0.68284 -0.45934 -0.36391 0.43624
1645102044.484591007 1.60338 -1.40127 0.03525 0.68231 -0.46655 -0.36163 0.43129
1645102044.537999153 1.59544 -1.40005 0.02741 0.68330 -0.47095 -0.35817 0.42780
1645102044.578097820 1.58333 -1.40079 0.01723 0.68454 -0.47643 -0.35020 0.42636
1645102044.631415129 1.56330 -1.40286 0.00136 0.68664 -0.48095 -0.34094 0.42540
1645102044.684690952 1.53604 -1.40810 -0.01895 0.68831 -0.48632 -0.32925 0.42582
1645102044.737925053 1.50550 -1.43650 -0.05044 0.69411 -0.49033 -0.31680 0.42121
1645102044.778006077 1.48220 -1.44205 -0.06798 0.69898 -0.49210 -0.31115 0.41528
1645102044.831526995 1.45176 -1.44972 -0.08952 0.70439 -0.49399 -0.30194 0.41065
1645102044.884747028 1.42175 -1.46041 -0.11052 0.70568 -0.49791 -0.29061 0.41187
1645102044.938215971 1.39736 -1.46897 -0.12848 0.70720 -0.49715 -0.28172 0.41634
1645102044.978202820 1.38327 -1.47376 -0.13924 0.70912 -0.49454 -0.27973 0.41753
1645102045.031440973 1.36880 -1.47814 -0.15009 0.70951 -0.48859 -0.27909 0.42424
1645102045.084882021 1.35815 -1.48208 -0.15898 0.70394 -0.48752 -0.27614 0.43652
1645102045.138175964 1.35184 -1.48385 -0.16464 0.70095 -0.48380 -0.27355 0.44697
1645102045.178185940 1.34555 -1.48434 -0.16738 0.70274 -0.47997 -0.27191 0.44928
1645102045.231558800 1.34060 -1.48222 -0.16765 0.70768 -0.47141 -0.27556 0.44835
1645102045.284973145 1.33864 -1.47865 -0.16280 0.71120 -0.46485 -0.28256 0.44527
1645102045.338274002 1.33776 -1.47323 -0.15579 0.71600 -0.45075 -0.29636 0.44311
1645102045.378424168 1.33823 -1.46917 -0.14880 0.72059 -0.44032 -0.30961 0.43705
1645102045.431514978 1.33648 -1.46295 -0.13883 0.72861 -0.42124 -0.33070 0.42699
1645102045.485015154 1.34137 -1.45563 -0.12569 0.73648 -0.40070 -0.35219 0.41593
1645102045.538245916 1.34301 -1.45122 -0.11402 0.74465 -0.38454 -0.36669 0.40394
1645102045.578295946 1.34447 -1.44788 -0.10565 0.75095 -0.37260 -0.37625 0.39455
1645102045.631854057 1.35081 -1.44321 -0.09422 0.76026 -0.35533 -0.39180 0.37714
1645102045.685040236 1.35568 -1.44071 -0.08416 0.76979 -0.33850 -0.40540 0.35845
1645102045.738298893 1.36268 -1.43800 -0.07483 0.77856 -0.31961 -0.42230 0.33670
1645102045.778313875 1.36828 -1.43589 -0.06805 0.78627 -0.30440 -0.43425 0.31709
1645102045.831840038 1.37715 -1.43350 -0.05969 0.79563 -0.29173 -0.44299 0.29262
1645102045.885285854 1.38722 -1.43139 -0.05432 0.80108 -0.29489 -0.43783 0.28218
1645102045.938392162 1.39867 -1.42882 -0.05233 0.80006 -0.31576 -0.42204 0.28650
1645102045.978631020 1.40776 -1.42673 -0.05292 0.79542 -0.34014 -0.40255 0.29927
1645102046.031802177 1.42000 -1.42470 -0.05813 0.77935 -0.37995 -0.37263 0.33075
1645102046.085259914 1.43208 -1.42450 -0.06795 0.74981 -0.42477 -0.33375 0.38204
1645102046.138501167 1.44392 -1.42720 -0.08063 0.70756 -0.47112 -0.28880 0.44046
1645102046.178498030 1.45180 -1.42955 -0.09160 0.67284 -0.49724 -0.25784 0.48328
1645102046.231844187 1.46040 -1.43400 -0.10706 0.62685 -0.52623 -0.22492 0.52873
1645102046.285159826 1.46706 -1.43905 -0.12266 0.58498 -0.54804 -0.19915 0.56373
1645102046.338578939 1.47307 -1.44476 -0.13715 0.55089 -0.56131 -0.18649 0.58879
1645102046.378575802 1.47835 -1.44943 -0.14719 0.52950 -0.56722 -0.18060 0.60438
1645102046.431952953 1.48679 -1.45540 -0.15690 0.51176 -0.57089 -0.17727 0.61706
1645102046.485342979 1.49493 -1.45847 -0.16333 0.50583 -0.56886 -0.18819 0.62058
1645102046.538656950 1.50320 -1.45934 -0.16586 0.50589 -0.56401 -0.20452 0.61980
1645102046.578752995 1.50717 -1.45861 -0.16490 0.50939 -0.55712 -0.22059 0.61764
1645102046.631985903 1.51135 -1.45737 -0.16110 0.52275 -0.54243 -0.25387 0.60667
1645102046.685281992 1.51007 -1.45364 -0.15652 0.54233 -0.51965 -0.29349 0.59136
1645102046.738678932 1.50597 -1.45659 -0.14655 0.55975 -0.49841 -0.32830 0.57488
1645102046.778790951 1.50306 -1.46136 -0.13701 0.57268 -0.47876 -0.34740 0.56758
1645102046.832086086 1.49312 -1.46348 -0.12892 0.58305 -0.46162 -0.35699 0.56526
1645102046.885370970 1.48610 -1.46441 -0.12525 0.59021 -0.45244 -0.35511 0.56643
1645102046.938761950 1.47403 -1.46555 -0.12151 0.59652 -0.44114 -0.34535 0.57471
1645102046.978746176 1.46478 -1.46372 -0.12017 0.60152 -0.43044 -0.33996 0.58079
1645102047.032108068 1.44985 -1.46179 -0.11865 0.61292 -0.41167 -0.32524 0.59083
1645102047.085433006 1.43303 -1.45955 -0.11751 0.62408 -0.39519 -0.30865 0.59923
1645102047.138810873 1.41426 -1.45826 -0.11722 0.63025 -0.38316 -0.29014 0.60975
1645102047.178761959 1.40001 -1.45625 -0.11756 0.63270 -0.37330 -0.27821 0.61883
1645102047.232176065 1.37965 -1.45395 -0.11728 0.63694 -0.35844 -0.25804 0.63185
1645102047.285501957 1.35849 -1.45135 -0.11639 0.64214 -0.34362 -0.23345 0.64427
1645102047.338881016 1.33692 -1.44612 -0.11742 0.64767 -0.32412 -0.21318 0.65576
1645102047.378885984 1.32146 -1.44262 -0.11805 0.65326 -0.31134 -0.19873 0.66093
1645102047.432219982 1.30180 -1.43791 -0.11803 0.66333 -0.29696 -0.17745 0.66356
1645102047.485627890 1.28216 -1.43218 -0.11820 0.67187 -0.28231 -0.16895 0.66359
1645102047.538933992 1.26318 -1.42663 -0.11997 0.67835 -0.26803 -0.16571 0.66373
1645102047.578953981 1.25061 -1.42241 -0.12237 0.68250 -0.26202 -0.16579 0.66185
1645102047.632354975 1.23565 -1.41929 -0.12755 0.68883 -0.26509 -0.16777 0.65353
1645102047.685663939 1.22447 -1.41645 -0.13424 0.69322 -0.27544 -0.17085 0.64373
1645102047.738960981 1.21670 -1.41492 -0.14280 0.69585 -0.27868 -0.17829 0.63746
1645102047.779011011 1.20941 -1.41278 -0.14935 0.69784 -0.27948 -0.18165 0.63396
1645102047.832318068 1.20533 -1.41108 -0.15825 0.70151 -0.28578 -0.18344 0.62655
1645102047.885798931 1.20013 -1.40827 -0.16718 0.70471 -0.29170 -0.18743 0.61900
1645102047.939064026 1.19562 -1.40752 -0.17502 0.70471 -0.29859 -0.19031 0.61482
1645102047.979192972 1.19294 -1.40744 -0.17970 0.70149 -0.30688 -0.19348 0.61344
1645102048.032696009 1.18903 -1.40553 -0.18458 0.69517 -0.31998 -0.19431 0.61367
1645102048.086029053 1.18528 -1.40355 -0.18731 0.69193 -0.32915 -0.19751 0.61147
1645102048.139088869 1.18277 -1.40050 -0.18909 0.68993 -0.33539 -0.20390 0.60822
1645102048.179104090 1.18152 -1.39702 -0.18920 0.68818 -0.33676 -0.20969 0.60748
1645102048.232429028 1.17689 -1.39297 -0.19254 0.68465 -0.33795 -0.21944 0.60737
1645102048.285846949 1.17236 -1.38887 -0.19436 0.68209 -0.34576 -0.21754 0.60653
1645102048.339128971 1.16481 -1.38616 -0.19591 0.68393 -0.35245 -0.21432 0.60174
1645102048.379268169 1.15754 -1.38492 -0.19630 0.68836 -0.35189 -0.21444 0.59695
1645102048.432543039 1.14578 -1.38138 -0.19590 0.69123 -0.34642 -0.21701 0.59591
1645102048.485947847 1.13289 -1.37802 -0.19551 0.68910 -0.34467 -0.21634 0.59963
1645102048.539290905 1.11961 -1.37341 -0.19411 0.68598 -0.34353 -0.21810 0.60320
1645102048.579386950 1.10960 -1.36916 -0.19249 0.68562 -0.34090 -0.22084 0.60411
1645102048.632689953 1.09816 -1.36079 -0.18909 0.68946 -0.33576 -0.22373 0.60155
1645102048.686148167 1.08689 -1.35350 -0.18504 0.69455 -0.32984 -0.22627 0.59801
1645102048.739426136 1.07880 -1.34529 -0.18115 0.69801 -0.32242 -0.23295 0.59545
1645102048.779510021 1.07483 -1.33998 -0.17755 0.70104 -0.31848 -0.23967 0.59133
1645102048.832698107 1.07284 -1.33128 -0.17357 0.70486 -0.31432 -0.24800 0.58556
1645102048.886091948 1.07443 -1.32272 -0.16944 0.70797 -0.31260 -0.25420 0.58004
1645102048.939404011 1.07947 -1.31282 -0.16612 0.71038 -0.30960 -0.25683 0.57753
1645102048.979485035 1.08474 -1.30542 -0.16437 0.71032 -0.31115 -0.25972 0.57548
1645102049.032685995 1.09294 -1.29476 -0.16299 0.70772 -0.31288 -0.26714 0.57435
1645102049.086102962 1.10315 -1.28498 -0.16285 0.70541 -0.31630 -0.27150 0.57327
1645102049.139595032 1.11161 -1.27547 -0.16370 0.70346 -0.32384 -0.27057 0.57189
1645102049.179639101 1.11779 -1.26905 -0.16451 0.70220 -0.32898 -0.27147 0.57008
1645102049.232862949 1.12487 -1.26112 -0.16517 0.69905 -0.33459 -0.27410 0.56943
1645102049.286179066 1.13263 -1.25530 -0.16507 0.69159 -0.34032 -0.27794 0.57327
1645102049.339564085 1.13805 -1.25043 -0.16477 0.68421 -0.34757 -0.27804 0.57771
1645102049.379546165 1.14120 -1.24759 -0.16403 0.68239 -0.34990 -0.27867 0.57815
1645102049.432945967 1.14145 -1.24382 -0.16234 0.68499 -0.35027 -0.27993 0.57423
1645102049.486265182 1.14114 -1.24144 -0.16058 0.68615 -0.35385 -0.27889 0.57114
1645102049.539592981 1.14016 -1.23876 -0.15881 0.68387 -0.35551 -0.28251 0.57108
1645102049.579613924 1.13988 -1.23622 -0.15745 0.68266 -0.35656 -0.28409 0.57107
1645102049.633141994 1.13931 -1.23156 -0.15503 0.68304 -0.35883 -0.28697 0.56775
1645102049.686587811 1.13892 -1.22641 -0.15318 0.68437 -0.35800 -0.29179 0.56421
1645102049.739808083 1.13921 -1.22040 -0.15129 0.68467 -0.36134 -0.29446 0.56032
1645102049.779944897 1.13814 -1.21428 -0.14997 0.68525 -0.36164 -0.29540 0.55892
1645102049.833054066 1.13609 -1.20781 -0.14857 0.68737 -0.36304 -0.29439 0.55594
1645102049.886499166 1.13360 -1.19922 -0.14744 0.68990 -0.36227 -0.29500 0.55297
1645102049.939767122 1.12930 -1.19049 -0.14661 0.69208 -0.36075 -0.29653 0.55041
1645102049.979742050 1.12555 -1.18323 -0.14569 0.69319 -0.36261 -0.29461 0.54883
1645102050.033202887 1.11930 -1.17094 -0.14420 0.69402 -0.36183 -0.29444 0.54837
1645102050.086663961 1.11198 -1.15935 -0.14188 0.69682 -0.35878 -0.29199 0.54814
1645102050.139893055 1.10398 -1.14698 -0.13847 0.70309 -0.35388 -0.28870 0.54505
1645102050.179899931 1.09618 -1.13763 -0.13698 0.70880 -0.34565 -0.28492 0.54493
1645102050.233216047 1.08385 -1.12692 -0.13582 0.71561 -0.33659 -0.27508 0.54676
1645102050.286662817 1.06919 -1.11826 -0.13579 0.72404 -0.32038 -0.26158 0.55199
1645102050.339919806 1.05442 -1.11062 -0.13770 0.73024 -0.29776 -0.25157 0.56108
1645102050.379844189 1.04403 -1.10607 -0.14008 0.73224 -0.28519 -0.24251 0.56892
1645102050.433218956 1.03105 -1.10330 -0.14487 0.73207 -0.27346 -0.22650 0.58137
1645102050.486788034 1.01839 -1.10204 -0.15083 0.73272 -0.25792 -0.20884 0.59412
1645102050.539998055 1.00717 -1.10357 -0.15672 0.73866 -0.23919 -0.18898 0.60121
1645102050.580044985 1.00024 -1.10724 -0.16108 0.74426 -0.22185 -0.17644 0.60476
1645102050.633262157 0.99235 -1.11352 -0.16581 0.75025 -0.19682 -0.15992 0.61059
1645102050.686872005 0.98685 -1.12199 -0.16940 0.75342 -0.17370 -0.14252 0.61796
1645102050.739953995 0.98446 -1.13140 -0.17239 0.75283 -0.15265 -0.12628 0.62769
1645102050.780086994 0.98416 -1.13889 -0.17446 0.75082 -0.13961 -0.11401 0.63544
1645102050.833306789 0.98628 -1.14989 -0.17686 0.74634 -0.12603 -0.09795 0.64614
1645102050.886784077 0.99173 -1.16086 -0.17924 0.74007 -0.11710 -0.08547 0.65672
1645102050.940047026 0.99937 -1.17238 -0.18077 0.73295 -0.11332 -0.07804 0.66622
1645102050.980084896 1.00549 -1.18123 -0.18227 0.72725 -0.11263 -0.07119 0.67332
1645102051.033404827 1.01435 -1.19218 -0.18493 0.71894 -0.11249 -0.06387 0.68293
1645102051.086789131 1.02417 -1.20177 -0.18781 0.71139 -0.11382 -0.06047 0.69088
1645102051.140143156 1.03592 -1.21037 -0.19079 0.70521 -0.12080 -0.05578 0.69640
1645102051.180136919 1.04498 -1.21629 -0.19284 0.70025 -0.12875 -0.05416 0.70010
1645102051.233498812 1.05722 -1.22343 -0.19652 0.69195 -0.13872 -0.05642 0.70624
1645102051.286839008 1.06798 -1.23058 -0.19971 0.68307 -0.14805 -0.06192 0.71251
1645102051.340178967 1.08023 -1.23634 -0.20272 0.67497 -0.16160 -0.06671 0.71683
1645102051.380197048 1.08948 -1.23977 -0.20480 0.66971 -0.17289 -0.07054 0.71876
1645102051.433506012 1.10092 -1.24240 -0.20679 0.66173 -0.18743 -0.07910 0.72161
1645102051.487061024 1.11079 -1.24384 -0.20795 0.65442 -0.20229 -0.09293 0.72262
1645102051.540246010 1.12074 -1.24354 -0.20934 0.65113 -0.22027 -0.10755 0.71829
1645102051.580256939 1.12677 -1.24312 -0.20996 0.65226 -0.23359 -0.11647 0.71164
1645102051.633680820 1.13437 -1.23924 -0.20964 0.65289 -0.25210 -0.13201 0.70196
1645102051.687037945 1.13948 -1.23488 -0.20971 0.65137 -0.26859 -0.14840 0.69394
1645102051.740381002 1.14075 -1.22735 -0.20870 0.64808 -0.28453 -0.16452 0.68700
1645102051.780378819 1.14653 -1.22085 -0.20872 0.64572 -0.29575 -0.17639 0.68152
1645102051.833940029 1.14795 -1.21124 -0.20832 0.64623 -0.30987 -0.18782 0.67163
1645102051.887173176 1.14915 -1.20028 -0.20777 0.65174 -0.31997 -0.19770 0.65861
1645102051.940541983 1.14873 -1.18754 -0.20760 0.65835 -0.32537 -0.20970 0.64555
1645102051.980421782 1.14760 -1.17747 -0.20641 0.66425 -0.33131 -0.21173 0.63575
1645102052.033843040 1.14584 -1.16423 -0.20476 0.67147 -0.33998 -0.21440 0.62255
1645102052.087142944 1.14401 -1.15045 -0.20321 0.67609 -0.34398 -0.21955 0.61349
1645102052.140442848 1.14429 -1.13617 -0.20149 0.67913 -0.35067 -0.22316 0.60499
1645102052.180593967 1.14360 -1.12617 -0.19992 0.68292 -0.35540 -0.22351 0.59779
1645102052.233948946 1.14303 -1.11226 -0.19697 0.69019 -0.35640 -0.22855 0.58684
1645102052.287091970 1.14222 -1.09854 -0.19291 0.69804 -0.35561 -0.23631 0.57484
1645102052.340591192 1.14190 -1.08525 -0.18787 0.70494 -0.35470 -0.24471 0.56335
1645102052.380542040 1.14300 -1.07587 -0.18391 0.70738 -0.35624 -0.25342 0.55542
1645102052.433848143 1.14369 -1.06540 -0.17912 0.70593 -0.35894 -0.26409 0.55053
1645102052.487237215 1.14477 -1.05656 -0.17565 0.69895 -0.36486 -0.27547 0.54997
1645102052.540592909 1.14591 -1.04940 -0.17329 0.69139 -0.37102 -0.28553 0.55027
1645102052.580695152 1.14732 -1.04510 -0.17240 0.68492 -0.37646 -0.28895 0.55287
1645102052.633930922 1.14824 -1.04090 -0.17180 0.67803 -0.37820 -0.29337 0.55783
1645102052.687281847 1.14812 -1.03873 -0.17068 0.67651 -0.37899 -0.29648 0.55750
1645102052.740627050 1.14844 -1.03718 -0.16987 0.67707 -0.37887 -0.29697 0.55664
1645102052.780720234 1.14780 -1.03635 -0.16886 0.67777 -0.37819 -0.29597 0.55678
1645102052.834290981 1.14724 -1.03570 -0.16695 0.68016 -0.37671 -0.29511 0.55532
1645102052.887322903 1.14627 -1.03539 -0.16480 0.68418 -0.37496 -0.29507 0.55157
1645102052.941059113 1.14412 -1.03542 -0.16311 0.68757 -0.37313 -0.29276 0.54982
1645102052.980931044 1.14192 -1.03604 -0.16208 0.68921 -0.37231 -0.29172 0.54889
1645102053.034361124 1.13850 -1.03747 -0.16147 0.69003 -0.37002 -0.29199 0.54926
1645102053.087820053 1.13490 -1.03938 -0.16133 0.69021 -0.36944 -0.29059 0.55017
1645102053.141136885 1.13065 -1.04181 -0.16152 0.69160 -0.36757 -0.29050 0.54972
1645102053.180881977 1.12710 -1.04411 -0.16141 0.69442 -0.36577 -0.29074 0.54723
1645102053.234293938 1.12183 -1.04760 -0.16174 0.69644 -0.36341 -0.28812 0.54762
1645102053.287560940 1.11618 -1.05155 -0.16239 0.69824 -0.35727 -0.28262 0.55222
1645102053.340867996 1.10753 -1.05493 -0.16452 0.70468 -0.33894 -0.27121 0.56124
1645102053.380877018 1.10191 -1.05745 -0.16439 0.71117 -0.31916 -0.25965 0.57005
1645102053.434143066 1.09183 -1.06230 -0.16628 0.72430 -0.28351 -0.22021 0.58866
1645102053.487654924 1.08223 -1.06863 -0.16835 0.73520 -0.24278 -0.17829 0.60725
1645102053.540988922 1.07274 -1.07518 -0.17112 0.74509 -0.18984 -0.14131 0.62357
1645102053.580947876 1.06649 -1.08134 -0.17331 0.75146 -0.15043 -0.11632 0.63179
1645102053.634289980 1.06142 -1.08995 -0.17530 0.75932 -0.12423 -0.10181 0.63058
1645102053.687646866 1.06032 -1.09820 -0.17748 0.76393 -0.12289 -0.09217 0.62675
1645102053.740976810 1.05870 -1.10634 -0.17992 0.76355 -0.13529 -0.09124 0.62480
1645102053.780987978 1.05937 -1.11186 -0.18267 0.76154 -0.15221 -0.09809 0.62231
1645102053.834357977 1.06056 -1.11553 -0.18490 0.75721 -0.18748 -0.12235 0.61361
1645102053.887669086 1.06216 -1.12017 -0.18658 0.74932 -0.22461 -0.15447 0.60350
1645102053.941129923 1.06450 -1.12111 -0.18969 0.73351 -0.26876 -0.18633 0.59582
1645102053.981198072 1.06748 -1.12434 -0.19093 0.71776 -0.30982 -0.21405 0.58568
1645102054.034533024 1.07043 -1.12060 -0.19223 0.68918 -0.37031 -0.26132 0.56534
1645102054.087895155 1.07103 -1.11153 -0.19413 0.64964 -0.40917 -0.29594 0.56830
1645102054.141199827 1.07353 -1.10198 -0.19734 0.60225 -0.43427 -0.33452 0.58034
1645102054.181329012 1.07590 -1.09529 -0.20087 0.56765 -0.44483 -0.35632 0.59408
1645102054.234476089 1.07522 -1.08476 -0.20219 0.53754 -0.45488 -0.37135 0.60517
1645102054.287878990 1.07615 -1.07332 -0.19978 0.53017 -0.47340 -0.38268 0.59023
1645102054.341196060 1.07823 -1.06446 -0.19481 0.52941 -0.49637 -0.38890 0.56754
1645102054.381210804 1.07861 -1.06013 -0.19227 0.52746 -0.50323 -0.39540 0.55874
1645102054.434535980 1.07845 -1.05879 -0.18932 0.52832 -0.50128 -0.39501 0.55996
1645102054.487916946 1.07626 -1.06007 -0.18725 0.54779 -0.48459 -0.37396 0.57032
1645102054.541279078 1.07207 -1.06288 -0.18547 0.59019 -0.44544 -0.33824 0.58211
1645102054.581336975 1.06800 -1.06550 -0.18518 0.62671 -0.41114 -0.31044 0.58466
1645102054.634614944 1.06374 -1.06888 -0.18181 0.67706 -0.36891 -0.27475 0.57446
1645102054.688006878 1.05949 -1.07531 -0.17850 0.71267 -0.34813 -0.25713 0.55208
1645102054.741338015 1.05632 -1.08194 -0.17537 0.73383 -0.34502 -0.24558 0.53118
1645102054.781402111 1.05277 -1.08656 -0.17255 0.74346 -0.34903 -0.23995 0.51756
1645102054.834959984 1.05218 -1.09278 -0.17083 0.75374 -0.34856 -0.23714 0.50413
1645102054.888069153 1.05692 -1.09514 -0.17278 0.75797 -0.34875 -0.23208 0.50000
1645102054.941385984 1.05982 -1.09581 -0.17613 0.75447 -0.36022 -0.23446 0.49603
1645102054.981729031 1.06172 -1.09530 -0.17845 0.74908 -0.37622 -0.23944 0.48991
1645102055.034735203 1.06328 -1.09229 -0.18138 0.73786 -0.39951 -0.24643 0.48500
1645102055.088125944 1.06416 -1.08631 -0.18285 0.71668 -0.42060 -0.25972 0.49194
1645102055.141488791 1.06655 -1.07859 -0.18328 0.68772 -0.43781 -0.27020 0.51221
1645102055.181602001 1.06592 -1.07533 -0.18088 0.66827 -0.44518 -0.27701 0.52772
1645102055.234807968 1.06335 -1.07277 -0.17608 0.64388 -0.44924 -0.28334 0.55075
1645102055.288125992 1.06093 -1.07172 -0.17038 0.62399 -0.45047 -0.27252 0.57745
1645102055.341589928 1.06070 -1.07181 -0.16443 0.61443 -0.45401 -0.24406 0.59732
1645102055.381772041 1.06104 -1.07051 -0.16020 0.62630 -0.44479 -0.23363 0.59610
1645102055.434880972 1.05960 -1.06682 -0.15659 0.66446 -0.40028 -0.24357 0.58218
1645102055.488282919 1.05588 -1.06269 -0.15502 0.70307 -0.34467 -0.24414 0.57209
1645102055.541586876 1.05300 -1.06101 -0.15494 0.72546 -0.31805 -0.23123 0.56487
1645102055.581690073 1.05303 -1.06246 -0.15308 0.73452 -0.31321 -0.22133 0.55982
1645102055.634985924 1.05418 -1.06527 -0.15278 0.73549 -0.31416 -0.22542 0.55637
1645102055.688607931 1.05652 -1.06702 -0.15341 0.74285 -0.31921 -0.22712 0.54286
1645102055.741637230 1.06172 -1.06810 -0.15201 0.77051 -0.33087 -0.21519 0.50053
1645102055.781893969 1.06514 -1.06959 -0.15068 0.79255 -0.33884 -0.20659 0.46300
1645102055.835130930 1.06766 -1.07315 -0.15320 0.80347 -0.33846 -0.20036 0.44692
1645102055.888417006 1.06870 -1.08008 -0.15948 0.78596 -0.34626 -0.19600 0.47324
1645102055.941782951 1.06994 -1.08643 -0.16669 0.75635 -0.35297 -0.20427 0.51148
1645102055.981809855 1.07107 -1.09072 -0.17268 0.72924 -0.34611 -0.21738 0.54879
1645102056.035178900 1.07502 -1.09744 -0.17886 0.67904 -0.34903 -0.23546 0.60137
1645102056.091084957 1.07819 -1.10516 -0.18144 0.62348 -0.35426 -0.24525 0.65239
1645102056.155131817 1.08057 -1.11058 -0.18178 0.58990 -0.34573 -0.26840 0.67856
1645102056.182021141 1.08224 -1.11085 -0.18168 0.59889 -0.34230 -0.27573 0.66943
1645102056.235219002 1.08237 -1.10622 -0.17751 0.64990 -0.34673 -0.26858 0.62071
1645102056.288463831 1.08695 -1.10493 -0.17322 0.70811 -0.34629 -0.26353 0.55607
1645102056.341967106 1.09058 -1.10488 -0.17224 0.74421 -0.33440 -0.26511 0.51385
1645102056.382272005 1.09158 -1.10647 -0.17173 0.76125 -0.34127 -0.25376 0.48953
1645102056.435176849 1.09538 -1.11045 -0.17360 0.77568 -0.34220 -0.22925 0.47819
1645102056.579626083 1.10198 -1.13712 -0.19233 0.77544 -0.28864 -0.09098 0.55416
1645102056.581601143 1.10097 -1.13709 -0.19212 0.77495 -0.28750 -0.08934 0.55572
1645102056.584271193 1.09791 -1.13956 -0.18999 0.77455 -0.28610 -0.08709 0.55735
1645102056.648906946 1.10665 -1.15055 -0.20027 0.76749 -0.25202 -0.07044 0.58522
1645102056.688783884 1.11031 -1.15521 -0.20278 0.76896 -0.24608 -0.08513 0.58386
1645102056.742035866 1.11205 -1.15970 -0.20479 0.76084 -0.26396 -0.11416 0.58174
1645102056.782185078 1.10754 -1.16460 -0.20427 0.74516 -0.29871 -0.13684 0.58033
1645102056.848885059 1.11059 -1.16317 -0.20579 0.69922 -0.37740 -0.17618 0.58106
1645102056.888674021 1.11696 -1.15729 -0.20731 0.66710 -0.42053 -0.20940 0.57817
1645102056.928857088 1.11982 -1.15202 -0.20755 0.64002 -0.45204 -0.24436 0.57125
1645102056.982290983 1.11933 -1.14483 -0.20662 0.61373 -0.47687 -0.28379 0.56160
1645102057.035457134 1.11715 -1.14342 -0.20435 0.60240 -0.48969 -0.30699 0.55053
1645102057.088805914 1.12243 -1.14039 -0.20021 0.61050 -0.48642 -0.30936 0.54312
1645102057.128944159 1.12646 -1.13459 -0.19515 0.63553 -0.46604 -0.29531 0.54009
1645102057.182574034 1.12857 -1.13908 -0.19498 0.68519 -0.40565 -0.26235 0.54510
1645102057.235590935 1.12770 -1.14875 -0.19533 0.72851 -0.33517 -0.22418 0.55379
1645102057.288942099 1.12766 -1.15256 -0.19609 0.74807 -0.27151 -0.19016 0.57490
1645102057.328958035 1.12561 -1.15487 -0.19666 0.74885 -0.23509 -0.17263 0.59510
1645102057.382302999 1.12237 -1.15583 -0.19717 0.74107 -0.21069 -0.15190 0.61915
1645102057.435525894 1.12304 -1.15719 -0.19789 0.73082 -0.21137 -0.13912 0.63393
1645102057.488947868 1.12242 -1.15919 -0.19803 0.71931 -0.22472 -0.15316 0.63925
1645102057.528908014 1.12437 -1.16058 -0.19648 0.70588 -0.24235 -0.17560 0.64200
1645102057.595624924 1.12706 -1.16050 -0.19123 0.66409 -0.28228 -0.21044 0.65956
1645102057.675647974 1.12544 -1.16159 -0.18501 0.61108 -0.31623 -0.23399 0.68690
1645102057.689009905 1.12738 -1.16187 -0.18295 0.61167 -0.31828 -0.23531 0.68498
1645102057.768995047 1.12868 -1.15213 -0.17425 0.68946 -0.32056 -0.22815 0.60814
1645102057.782408953 1.12996 -1.15073 -0.17350 0.70815 -0.31684 -0.23013 0.58752
1645102057.835648060 1.13738 -1.14729 -0.17206 0.77036 -0.28843 -0.24460 0.51335
1645102057.889017105 1.13411 -1.14303 -0.17445 0.79851 -0.27621 -0.23696 0.47952
1645102057.929093122 1.13779 -1.14719 -0.18038 0.79567 -0.28818 -0.21576 0.48715
1645102057.995732069 1.14261 -1.15230 -0.19629 0.76241 -0.31767 -0.16744 0.53830
1645102058.036379814 1.14892 -1.15555 -0.20725 0.73552 -0.33201 -0.14124 0.57343
1645102058.075854063 1.15555 -1.15896 -0.21736 0.70662 -0.34250 -0.11922 0.60760
1645102058.129493952 1.16261 -1.16519 -0.22702 0.67133 -0.36282 -0.10327 0.63797
1645102058.182590961 1.17030 -1.16595 -0.23385 0.65420 -0.38592 -0.11925 0.63943
1645102058.235738993 1.17475 -1.16210 -0.23689 0.65221 -0.39419 -0.15808 0.62790
1645102058.275867939 1.17466 -1.15800 -0.23720 0.64817 -0.39620 -0.18611 0.62311
1645102058.329223871 1.17211 -1.15076 -0.23636 0.63139 -0.41642 -0.21335 0.61839
1645102058.382599831 1.17240 -1.14399 -0.23576 0.61295 -0.45071 -0.23956 0.60313
1645102058.435875177 1.17243 -1.13825 -0.23435 0.60828 -0.46478 -0.26750 0.58517
1645102058.475877047 1.17175 -1.13702 -0.23208 0.62404 -0.45357 -0.26919 0.57653
1645102058.529244900 1.17034 -1.13749 -0.22896 0.66327 -0.41772 -0.25529 0.56605
1645102058.582804918 1.16728 -1.14047 -0.22686 0.70801 -0.36337 -0.22257 0.56316
1645102058.635890007 1.16384 -1.14733 -0.22572 0.73803 -0.31148 -0.17898 0.57119
1645102058.675987959 1.16030 -1.15415 -0.22569 0.74367 -0.27272 -0.15520 0.59034
1645102058.742662907 1.15444 -1.16692 -0.22383 0.73783 -0.21969 -0.13310 0.62420
1645102058.782671213 1.15200 -1.17309 -0.21977 0.72851 -0.20358 -0.13271 0.64048
1645102058.822932959 1.15124 -1.18042 -0.21413 0.71409 -0.19994 -0.13940 0.65626
1645102058.889526129 1.14843 -1.19056 -0.20171 0.67593 -0.20788 -0.16000 0.68870
1645102058.942790985 1.14570 -1.19716 -0.18894 0.64153 -0.21745 -0.18224 0.71270
1645102058.969418049 1.14525 -1.19997 -0.18155 0.62506 -0.22110 -0.19474 0.72284
1645102059.022783995 1.13916 -1.20184 -0.16759 0.59605 -0.22493 -0.21816 0.73928
1645102059.076194048 1.13458 -1.20074 -0.15503 0.57451 -0.22500 -0.24455 0.74800
1645102059.129477978 1.13062 -1.19829 -0.14530 0.55772 -0.21908 -0.26827 0.75431
1645102059.182821989 1.12774 -1.19552 -0.13813 0.53875 -0.21268 -0.28911 0.76219
1645102059.222922087 1.12969 -1.19546 -0.13280 0.52562 -0.20851 -0.29976 0.76837
1645102059.276215076 1.12813 -1.19562 -0.12777 0.50446 -0.20195 -0.31582 0.77782
1645102059.329718113 1.12980 -1.19519 -0.12382 0.49466 -0.19916 -0.31776 0.78401
1645102059.383108139 1.12854 -1.19476 -0.12091 0.51992 -0.21258 -0.31065 0.76681
1645102059.422976971 1.12342 -1.19319 -0.11874 0.55739 -0.22735 -0.29514 0.74197
1645102059.476244926 1.11966 -1.19198 -0.11548 0.60943 -0.24428 -0.27917 0.70071
1645102059.529550076 1.14058 -1.19666 -0.10928 0.65317 -0.24695 -0.27543 0.66070
1645102059.582901955 1.13138 -1.20372 -0.10322 0.69884 -0.25337 -0.26323 0.61492
1645102059.622984886 1.13067 -1.20116 -0.09951 0.73276 -0.25361 -0.25312 0.57851
1645102059.676328897 1.12024 -1.21191 -0.09519 0.77470 -0.25117 -0.23550 0.53038
1645102059.729659796 1.12717 -1.20836 -0.09393 0.80329 -0.24994 -0.21427 0.49633
1645102059.783225060 1.11635 -1.19277 -0.09735 0.82262 -0.26049 -0.18660 0.46971
1645102059.823094130 1.11781 -1.18941 -0.09995 0.83188 -0.26071 -0.17178 0.45880
1645102059.876374960 1.11815 -1.18947 -0.10529 0.83960 -0.25859 -0.15611 0.45147
1645102059.929867983 1.12016 -1.19132 -0.11238 0.83885 -0.25294 -0.14121 0.46087
1645102059.983283043 1.12462 -1.19468 -0.12161 0.82603 -0.25426 -0.12039 0.48839
1645102060.023183823 1.12867 -1.19722 -0.12823 0.81448 -0.25212 -0.10784 0.51130
1645102060.076460123 1.13574 -1.19975 -0.13570 0.79886 -0.24446 -0.08508 0.54298
1645102060.129853010 1.14374 -1.20123 -0.14117 0.78551 -0.23147 -0.07072 0.56955
1645102060.183261871 1.14652 -1.20403 -0.14655 0.78002 -0.20953 -0.06267 0.58630
1645102060.223289013 1.14663 -1.20617 -0.15042 0.78179 -0.20317 -0.07261 0.58503
1645102060.276570797 1.14714 -1.20337 -0.15109 0.78643 -0.21726 -0.09766 0.56990
1645102060.329937935 1.14952 -1.19670 -0.15186 0.78290 -0.25491 -0.12238 0.55417
1645102060.383432865 1.15130 -1.19008 -0.15315 0.76559 -0.29787 -0.14848 0.55054
1645102060.423223972 1.15373 -1.18623 -0.15505 0.74991 -0.32396 -0.17195 0.55057
1645102060.476805925 1.15604 -1.18068 -0.15630 0.73044 -0.36016 -0.21250 0.53999
1645102060.543308020 1.15996 -1.17249 -0.15532 0.70975 -0.41134 -0.25818 0.51030
1645102060.583692074 1.16033 -1.17012 -0.15535 0.69801 -0.43089 -0.27374 0.50218
1645102060.623264074 1.15770 -1.16748 -0.15565 0.68857 -0.43886 -0.28119 0.50418
1645102060.676560879 1.15763 -1.16642 -0.15515 0.68819 -0.43351 -0.27609 0.51209
1645102060.729952097 1.15837 -1.16589 -0.15267 0.70644 -0.40752 -0.26300 0.51547
1645102060.783386230 1.15815 -1.16805 -0.15139 0.72886 -0.37140 -0.24937 0.51830
1645102060.823394060 1.15778 -1.17180 -0.14993 0.74060 -0.34559 -0.23569 0.52586
1645102060.876834154 1.15643 -1.17756 -0.15000 0.75037 -0.30045 -0.20538 0.55181
1645102060.930047989 1.15595 -1.18420 -0.14984 0.75739 -0.25921 -0.18306 0.57067
1645102060.983821154 1.15636 -1.18870 -0.14997 0.76468 -0.22494 -0.16808 0.58001
1645102061.023385048 1.15589 -1.19039 -0.14991 0.76746 -0.22123 -0.17108 0.57689
1645102061.077095985 1.15746 -1.19001 -0.14964 0.76270 -0.25640 -0.18725 0.56346
1645102061.130268812 1.16089 -1.18666 -0.15065 0.74224 -0.31412 -0.20751 0.55439
1645102061.183506012 1.16006 -1.18131 -0.15253 0.71415 -0.36619 -0.23284 0.54925
1645102061.223454952 1.16201 -1.17489 -0.15431 0.69230 -0.40257 -0.26055 0.53923
1645102061.276909113 1.16302 -1.16099 -0.15587 0.66378 -0.44790 -0.29594 0.52077
1645102061.330243111 1.16297 -1.14533 -0.15803 0.63635 -0.48060 -0.32701 0.50709
1645102061.396908045 1.16268 -1.12829 -0.16140 0.60318 -0.50645 -0.35158 0.50604
1645102061.423541069 1.16459 -1.12323 -0.16246 0.59491 -0.51424 -0.35168 0.50790
1645102061.476954222 1.16522 -1.11843 -0.16352 0.59561 -0.51516 -0.34457 0.51101
1645102061.530289888 1.16386 -1.11845 -0.16353 0.61908 -0.48747 -0.33000 0.51982
1645102061.583632946 1.15989 -1.12115 -0.16292 0.65463 -0.44162 -0.30325 0.53335
1645102061.623566151 1.15635 -1.12706 -0.16305 0.68021 -0.40547 -0.27936 0.54302
1645102061.677104235 1.15407 -1.13310 -0.16255 0.70354 -0.35955 -0.24299 0.56277
1645102061.730532169 1.15104 -1.14330 -0.16320 0.71471 -0.32015 -0.20646 0.58657
1645102061.783810139 1.14786 -1.15492 -0.16323 0.71989 -0.28425 -0.18343 0.60606
1645102061.823662043 1.14688 -1.16133 -0.16237 0.72499 -0.25387 -0.16792 0.61785
1645102061.877114058 1.14522 -1.16904 -0.16103 0.73239 -0.22153 -0.15801 0.62415
1645102061.930359125 1.14409 -1.17453 -0.15887 0.73621 -0.21570 -0.15864 0.62154
1645102061.983767033 1.14570 -1.17861 -0.15746 0.73195 -0.24107 -0.17432 0.61298
1645102062.023686886 1.14837 -1.18101 -0.15710 0.72444 -0.27094 -0.19298 0.60377
1645102062.077161074 1.15017 -1.18100 -0.15655 0.71064 -0.31773 -0.22113 0.58749
1645102062.130589962 1.15358 -1.17874 -0.15519 0.69900 -0.36506 -0.24582 0.56366
1645102062.183816910 1.15450 -1.17331 -0.15442 0.69840 -0.39026 -0.27039 0.53556
1645102062.223757982 1.15640 -1.16616 -0.15343 0.70037 -0.40244 -0.28999 0.51326
1645102062.277167082 1.16102 -1.15882 -0.15258 0.69586 -0.42387 -0.30884 0.49064
1645102062.330598831 1.16410 -1.15222 -0.15248 0.68470 -0.44415 -0.31869 0.48203
1645102062.384035110 1.16815 -1.14751 -0.15239 0.67788 -0.45885 -0.32120 0.47620
1645102062.423957109 1.16979 -1.14601 -0.15283 0.68219 -0.45585 -0.31461 0.47733
1645102062.477303028 1.17210 -1.14811 -0.15401 0.70067 -0.42892 -0.29371 0.48870
1645102062.530632019 1.17320 -1.15270 -0.15556 0.72747 -0.38671 -0.26279 0.50217
1645102062.584057093 1.17519 -1.15859 -0.15703 0.75362 -0.34245 -0.22216 0.51520
1645102062.624029875 1.17806 -1.16323 -0.15698 0.76956 -0.32468 -0.20129 0.51170
1645102062.677313089 1.18302 -1.16778 -0.15557 0.78669 -0.32327 -0.18959 0.49057
1645102062.744122028 1.18820 -1.17226 -0.15567 0.79766 -0.33242 -0.17413 0.47214
1645102062.784082890 1.19109 -1.17631 -0.15504 0.80183 -0.33849 -0.16986 0.46221
1645102062.824001074 1.19330 -1.17952 -0.15481 0.80557 -0.34172 -0.16770 0.45405
1645102062.877360106 1.19604 -1.18218 -0.15430 0.80900 -0.34567 -0.17048 0.44382
1645102062.930716991 1.19878 -1.18266 -0.15473 0.80629 -0.34787 -0.17259 0.44621
1645102062.997447014 1.20036 -1.18749 -0.15463 0.78392 -0.35445 -0.18768 0.47392
1645102063.024124861 1.20212 -1.18784 -0.15567 0.77251 -0.35616 -0.19110 0.48977
1645102063.077445030 1.20336 -1.19187 -0.15537 0.74971 -0.35866 -0.19908 0.51930
1645102063.144191027 1.20705 -1.19591 -0.15472 0.72355 -0.35904 -0.21036 0.55074
1645102063.184131145 1.20915 -1.19830 -0.15488 0.70887 -0.35883 -0.21334 0.56854
1645102063.224149942 1.21128 -1.20061 -0.15612 0.69763 -0.35516 -0.21494 0.58392
1645102063.290904999 1.21457 -1.20317 -0.15841 0.70033 -0.32960 -0.21883 0.59416
1645102063.331059933 1.21657 -1.20490 -0.15914 0.70925 -0.30796 -0.21659 0.59600
1645102063.370842934 1.22011 -1.20706 -0.16052 0.71614 -0.28645 -0.21719 0.59827
1645102063.424263954 1.22487 -1.21221 -0.16272 0.71405 -0.26922 -0.21981 0.60773
1645102063.477710009 1.23108 -1.22142 -0.16571 0.69413 -0.28137 -0.21423 0.62699
1645102063.530905008 1.23854 -1.23290 -0.16930 0.66162 -0.32000 -0.20095 0.64768
1645102063.570886850 1.24413 -1.24123 -0.17294 0.63963 -0.34235 -0.19477 0.66010
1645102063.624328852 1.25044 -1.25235 -0.17772 0.62550 -0.35198 -0.19501 0.66845
1645102063.677804947 1.25724 -1.26422 -0.18219 0.62832 -0.34532 -0.19885 0.66816
1645102063.731049061 1.26419 -1.27873 -0.18559 0.63296 -0.34008 -0.19187 0.66849
1645102063.770918846 1.26968 -1.29254 -0.18868 0.63560 -0.33606 -0.18991 0.66859
1645102063.824438095 1.27676 -1.31107 -0.19182 0.64255 -0.33194 -0.19372 0.66288
1645102063.877874851 1.28292 -1.32777 -0.19286 0.65475 -0.32562 -0.19571 0.65343
1645102063.930949211 1.28741 -1.34009 -0.19494 0.67141 -0.30864 -0.19953 0.64354
1645102063.971050024 1.29023 -1.34593 -0.19599 0.68593 -0.29711 -0.20444 0.63200
1645102064.024451017 1.29289 -1.35053 -0.19727 0.70023 -0.28458 -0.21489 0.61848
1645102064.077828169 1.29461 -1.35137 -0.19858 0.70850 -0.28709 -0.22670 0.60350
1645102064.131076097 1.29586 -1.34889 -0.19913 0.71559 -0.29424 -0.23974 0.58640
1645102064.171154976 1.29644 -1.34423 -0.19911 0.71823 -0.30037 -0.25026 0.57558
1645102064.224496126 1.29688 -1.33784 -0.19932 0.71942 -0.31367 -0.25853 0.56321
1645102064.277951956 1.29749 -1.32868 -0.19921 0.71749 -0.32823 -0.26656 0.55355
1645102064.331254959 1.29722 -1.31743 -0.19863 0.71332 -0.34232 -0.27583 0.54581
1645102064.371160984 1.29790 -1.30600 -0.19696 0.70995 -0.35142 -0.28279 0.54084
1645102064.424777031 1.29700 -1.29020 -0.19299 0.70492 -0.36199 -0.29514 0.53380
1645102064.477882862 1.29736 -1.27399 -0.18630 0.69728 -0.37561 -0.30463 0.52907
1645102064.531290770 1.29836 -1.25722 -0.17725 0.68843 -0.38753 -0.31632 0.52520
1645102064.571244001 1.30021 -1.24463 -0.16866 0.68231 -0.39512 -0.32640 0.52133
1645102064.624968052 1.30117 -1.22950 -0.15490 0.67354 -0.40500 -0.34095 0.51581
1645102064.678095102 1.30193 -1.21651 -0.13842 0.66338 -0.41304 -0.35551 0.51278
1645102064.731502056 1.30252 -1.20711 -0.11878 0.65156 -0.42140 -0.37104 0.51012
1645102064.771373987 1.30355 -1.20210 -0.10283 0.64326 -0.42470 -0.38367 0.50856
1645102064.824768066 1.30503 -1.19847 -0.08060 0.63301 -0.42480 -0.40057 0.50833
1645102064.878094196 1.30700 -1.19835 -0.05832 0.62333 -0.42220 -0.40955 0.51524
1645102064.931586027 1.30926 -1.20217 -0.03719 0.61638 -0.41663 -0.41509 0.52363
1645102064.971387863 1.31087 -1.20742 -0.02341 0.61568 -0.40802 -0.41534 0.53099
1645102065.024724960 1.31341 -1.21953 -0.00992 0.61948 -0.39230 -0.41125 0.54149
1645102065.078042984 1.31478 -1.23561 -0.00379 0.62816 -0.37439 -0.40165 0.55129
1645102065.131398916 1.31571 -1.25438 -0.00599 0.63940 -0.36018 -0.38717 0.55815
1645102065.171422958 1.31582 -1.26799 -0.01275 0.64951 -0.34922 -0.37447 0.56210
1645102065.224894047 1.31468 -1.28533 -0.02893 0.66159 -0.33816 -0.36002 0.56421
1645102065.278149843 1.31354 -1.29944 -0.05151 0.66969 -0.33580 -0.34501 0.56543
1645102065.331418037 1.31172 -1.30779 -0.07829 0.67515 -0.33560 -0.33169 0.56703
1645102065.371471167 1.30950 -1.30941 -0.09952 0.67859 -0.33788 -0.32560 0.56510
1645102065.424874067 1.30678 -1.30711 -0.12822 0.67821 -0.34662 -0.31880 0.56414
1645102065.478223085 1.30324 -1.29922 -0.15675 0.67304 -0.35582 -0.31654 0.56588
1645102065.531546831 1.29857 -1.28577 -0.18263 0.66940 -0.37059 -0.31702 0.56041
1645102065.572160959 1.29462 -1.27288 -0.20022 0.66722 -0.38272 -0.31904 0.55367
1645102065.625050068 1.28707 -1.25270 -0.21862 0.66653 -0.39653 -0.32204 0.54295
1645102065.678288937 1.27827 -1.23049 -0.23227 0.66669 -0.40931 -0.32254 0.53288
1645102065.731546879 1.26706 -1.20830 -0.24151 0.66684 -0.41605 -0.32549 0.52563
1645102065.771625042 1.25813 -1.19215 -0.24562 0.66629 -0.42182 -0.32720 0.52065
1645102065.825021982 1.24570 -1.17123 -0.24809 0.66519 -0.43009 -0.32738 0.51514
1645102065.878285170 1.23204 -1.15202 -0.24791 0.66403 -0.43476 -0.33032 0.51082
1645102065.931950092 1.21771 -1.13466 -0.24514 0.66338 -0.43960 -0.33317 0.50564
1645102065.971683025 1.20637 -1.12322 -0.24209 0.66256 -0.44138 -0.33312 0.50520
1645102066.025006056 1.19055 -1.10948 -0.23663 0.66103 -0.44410 -0.32838 0.50792
1645102066.078346014 1.17389 -1.09787 -0.22917 0.66458 -0.44293 -0.32516 0.50637
1645102066.131850004 1.15909 -1.08842 -0.21952 0.67128 -0.43619 -0.32337 0.50454
1645102066.171890020 1.15022 -1.08224 -0.21251 0.67283 -0.43241 -0.32226 0.50642
1645102066.225201845 1.14230 -1.07516 -0.20438 0.67335 -0.42418 -0.32006 0.51403
1645102066.278476954 1.13852 -1.06730 -0.19657 0.67861 -0.41279 -0.31636 0.51866
1645102066.331861973 1.13762 -1.05784 -0.19109 0.68462 -0.39878 -0.31655 0.52160
1645102066.371794939 1.13841 -1.05180 -0.18965 0.68719 -0.38956 -0.31214 0.52781
1645102066.425179958 1.13847 -1.04694 -0.19162 0.68741 -0.38422 -0.30758 0.53408
1645102066.478496075 1.13694 -1.04551 -0.19880 0.68325 -0.38025 -0.30508 0.54360
1645102066.531966925 1.13039 -1.04862 -0.21054 0.67526 -0.37811 -0.30273 0.55624
1645102066.571975946 1.12463 -1.05238 -0.22173 0.66956 -0.37837 -0.30249 0.56305
1645102066.625339985 1.11672 -1.05887 -0.23761 0.66515 -0.37823 -0.29905 0.57016
1645102066.678785086 1.10602 -1.06634 -0.25314 0.66243 -0.37689 -0.29668 0.57543
1645102066.731995821 1.09354 -1.07444 -0.26805 0.66173 -0.37414 -0.29508 0.57884
1645102066.772032976 1.08396 -1.08194 -0.27887 0.66010 -0.37389 -0.29254 0.58214
1645102066.825314045 1.06889 -1.09346 -0.29339 0.65571 -0.37237 -0.28950 0.58955
1645102066.878699064 1.05329 -1.10538 -0.30702 0.65368 -0.37007 -0.28495 0.59545
1645102066.932248116 1.03659 -1.11863 -0.31986 0.65321 -0.36795 -0.28125 0.59902
1645102066.972080946 1.02351 -1.12905 -0.32959 0.65272 -0.36571 -0.27942 0.60177
1645102067.025506973 1.00676 -1.14278 -0.34030 0.65074 -0.36693 -0.27530 0.60507
1645102067.078796148 0.98888 -1.15681 -0.34920 0.64812 -0.36620 -0.27635 0.60783
1645102067.132151127 0.96910 -1.17085 -0.35592 0.64691 -0.36899 -0.27526 0.60794
1645102067.172075033 0.95483 -1.18075 -0.35998 0.64420 -0.37051 -0.27833 0.60849
1645102067.225517035 0.93588 -1.19455 -0.36353 0.63942 -0.37461 -0.28218 0.60925
1645102067.278882980 0.91568 -1.20797 -0.36659 0.63498 -0.37329 -0.28870 0.61164
1645102067.332139969 0.89336 -1.21999 -0.36971 0.63180 -0.36651 -0.29560 0.61573
1645102067.372104883 0.87592 -1.22948 -0.37166 0.62785 -0.36415 -0.30153 0.61830
1645102067.425493956 0.85219 -1.24080 -0.37473 0.62257 -0.36190 -0.30668 0.62240
1645102067.478874207 0.82755 -1.25127 -0.38059 0.61682 -0.35876 -0.30730 0.62959
1645102067.532258987 0.80299 -1.26137 -0.38771 0.61287 -0.35801 -0.30722 0.63390
1645102067.572367191 0.78446 -1.26830 -0.39391 0.61053 -0.35807 -0.30646 0.63650
1645102067.625822067 0.76146 -1.27742 -0.40402 0.60703 -0.35539 -0.30223 0.64333
1645102067.678948164 0.73837 -1.28609 -0.41526 0.60594 -0.34610 -0.29978 0.65053
1645102067.732438087 0.71520 -1.29391 -0.42791 0.60681 -0.33258 -0.29457 0.65909
1645102067.772393942 0.69866 -1.29900 -0.43746 0.60721 -0.32463 -0.28938 0.66496
1645102067.826066971 0.67506 -1.30630 -0.44830 0.60992 -0.31747 -0.28500 0.66782
1645102067.879066944 0.65337 -1.31375 -0.45625 0.61057 -0.31718 -0.28311 0.66817
1645102067.932376146 0.63194 -1.32277 -0.46418 0.60673 -0.31442 -0.28287 0.67305
