1644768487.668231010 -0.06075 0.37436 0.15190 0.73570 0.02455 0.03826 0.67578
1644768487.694870949 -0.09664 0.41183 0.21714 0.77095 -0.00560 0.07899 0.63196
1644768487.735136986 -0.13149 0.43405 0.23129 0.77554 -0.02683 0.11528 0.62011
1644768490.002424002 -0.42360 0.02139 0.02759 0.76785 0.10696 0.05292 0.62941
1644768490.069240093 -0.55006 0.01819 0.01152 0.81968 0.09567 0.09263 0.55713
1644768490.135912895 -0.66435 0.01350 0.03222 0.83718 0.10889 0.08313 0.52949
1644768490.162567854 -0.63161 0.01565 0.02614 0.80974 0.11062 0.07942 0.57077
1644768490.229046106 -0.69907 0.01156 0.03236 0.80948 0.11866 0.07826 0.56968
1644768490.255781174 -0.70132 0.01004 0.02980 0.80034 0.12220 0.07615 0.58201
1644768490.323181152 -0.75493 -0.00174 0.04210 0.79254 0.14688 0.06829 0.58791
1644768490.349375010 -0.76865 -0.00551 0.04483 0.79042 0.15500 0.06822 0.58869
1644768490.402525902 -0.80316 -0.01661 0.05403 0.78704 0.17433 0.06792 0.58785
1644768490.455886126 -0.84153 -0.02775 0.05609 0.78633 0.18881 0.07808 0.58304
1644768490.522693157 -0.90601 -0.04305 0.06127 0.78704 0.20973 0.09241 0.57275
1644768490.562665939 -0.94993 -0.05101 0.06659 0.78843 0.22370 0.09969 0.56427
1644768490.642575979 -1.01789 -0.06975 0.08231 0.78662 0.25372 0.11144 0.55176
1644768490.696012020 -1.06460 -0.08339 0.09605 0.78562 0.27005 0.12450 0.54256
1644768490.749264956 -1.10394 -0.09721 0.10963 0.78420 0.28570 0.13210 0.53475
1644768490.789334059 -1.13281 -0.11023 0.12088 0.78213 0.29853 0.13153 0.53090
1644768490.829320908 -1.15921 -0.12421 0.12903 0.77611 0.31120 0.12835 0.53323
1644768490.855937004 -1.17646 -0.13254 0.13349 0.77179 0.31836 0.12787 0.53538
1644768490.896300077 -1.20362 -0.14427 0.13858 0.76645 0.32411 0.13085 0.53888
1644768490.962853909 -1.24652 -0.16800 0.14237 0.75842 0.33053 0.14237 0.54340
1644768491.029341936 -1.29340 -0.19135 0.14296 0.75322 0.33891 0.14316 0.54526
1644768491.056058884 -1.31168 -0.19987 0.14029 0.75041 0.34223 0.14235 0.54727
1644768491.122793913 -1.35507 -0.22714 0.13828 0.74681 0.34819 0.14485 0.54777
1644768491.149365902 -1.37176 -0.23832 0.13662 0.74527 0.34949 0.14789 0.54824
1644768491.216524124 -1.41328 -0.27239 0.13416 0.74247 0.35877 0.14930 0.54565
1644768491.256125927 -1.43871 -0.29380 0.13451 0.74031 0.36974 0.14888 0.54135
1644768491.322810173 -1.48108 -0.33039 0.13690 0.73448 0.38507 0.15646 0.53645
1644768491.362799168 -1.50396 -0.35342 0.13715 0.72973 0.39106 0.16206 0.53694
1644768491.389434099 -1.51855 -0.36816 0.13758 0.72832 0.39527 0.16709 0.53422
1644768491.456487894 -1.55577 -0.40647 0.14164 0.72385 0.40669 0.17567 0.52895
1644768491.496188879 -1.57724 -0.42913 0.14381 0.71966 0.41115 0.17538 0.53130
1644768491.563064098 -1.61360 -0.46694 0.14691 0.71708 0.41790 0.18152 0.52745
1644768491.629744053 -1.64875 -0.50527 0.14823 0.71127 0.42608 0.18706 0.52683
1644768491.656381845 -1.66324 -0.52043 0.14792 0.70944 0.42842 0.19205 0.52561
1644768491.696344137 -1.68433 -0.54183 0.14630 0.70747 0.43012 0.20061 0.52368
1644768491.763089895 -1.71943 -0.58380 0.14329 0.70102 0.43818 0.20919 0.52231
1644768491.829895020 -1.75612 -0.62671 0.13960 0.70009 0.44576 0.21563 0.51446
1644768491.856446028 -1.77330 -0.64309 0.13815 0.69936 0.44818 0.21686 0.51284
1644768491.896512985 -1.79549 -0.67074 0.13654 0.69566 0.45427 0.22054 0.51095
1644768491.963162899 -1.83733 -0.71851 0.13815 0.68955 0.46549 0.22752 0.50603
1644768492.003231049 -1.85959 -0.74619 0.14068 0.68356 0.47747 0.23297 0.50049
1644768492.083343029 -1.90186 -0.80416 0.14949 0.67353 0.49818 0.24990 0.48551
1644768492.123113871 -1.92133 -0.83276 0.15385 0.66781 0.50930 0.25370 0.47987
1644768492.149755955 -1.93463 -0.85241 0.15708 0.66357 0.51787 0.25461 0.47609
1644768492.189770937 -1.95177 -0.88181 0.16015 0.65816 0.52770 0.25620 0.47194
1644768492.256475925 -1.97780 -0.93187 0.16228 0.64973 0.54030 0.26289 0.46564
1644768492.296421051 -1.99078 -0.96238 0.16197 0.64441 0.54823 0.26745 0.46114
1644768492.363157988 -2.01216 -1.01372 0.15829 0.63455 0.56151 0.27181 0.45626
1644768492.429998159 -2.02955 -1.06673 0.15122 0.62295 0.57361 0.27691 0.45411
1644768492.456625938 -2.03560 -1.08789 0.14793 0.61911 0.57745 0.27893 0.45328
1644768492.496676207 -2.04473 -1.12097 0.14271 0.61295 0.58374 0.28437 0.45018
1644768492.563887119 -2.05860 -1.17972 0.13619 0.60075 0.59625 0.29109 0.44592
1644768492.629974127 -2.07196 -1.23550 0.13403 0.59072 0.60896 0.29607 0.43882
1644768492.656834126 -2.07765 -1.25792 0.13396 0.58544 0.61593 0.29875 0.43432
1644768492.696811914 -2.08663 -1.29182 0.13594 0.57598 0.62685 0.30481 0.42708
1644768492.763515949 -2.09623 -1.34664 0.13725 0.55892 0.64089 0.31511 0.42140
1644768492.803525209 -2.10421 -1.37859 0.13958 0.55010 0.64651 0.32259 0.41875
1644768492.869967937 -2.11372 -1.43322 0.14033 0.53739 0.65637 0.33428 0.41068
1644768492.896749020 -2.11709 -1.45640 0.13954 0.53076 0.66184 0.33700 0.40829
1644768492.963386774 -2.12628 -1.51488 0.13617 0.51986 0.67018 0.34473 0.40220
1644768493.003460169 -2.13024 -1.55089 0.13170 0.51567 0.67107 0.35462 0.39750
1644768493.069994926 -2.13698 -1.61264 0.12293 0.50323 0.67471 0.36866 0.39447
1644768493.096833944 -2.14164 -1.63931 0.11981 0.49958 0.67715 0.37141 0.39236
1644768493.163461924 -2.14747 -1.70269 0.11053 0.48708 0.68883 0.37731 0.38197
1644768493.203557014 -2.14991 -1.74203 0.10612 0.47789 0.69709 0.38148 0.37437
1644768493.243653059 -2.15272 -1.78503 0.10354 0.46665 0.70438 0.38418 0.37215
1644768493.310309887 -2.15459 -1.85122 0.09961 0.44286 0.71685 0.39692 0.36395
1644768493.376987934 -2.15655 -1.92001 0.09541 0.42568 0.72342 0.41441 0.35176
1644768493.416761160 -2.15688 -1.95514 0.09338 0.41740 0.73050 0.41737 0.34343
1644768493.456910133 -2.15458 -1.98829 0.09093 0.40990 0.73638 0.41649 0.34097
1644768493.510298967 -2.14822 -2.03341 0.08590 0.39893 0.74234 0.42070 0.33586
1644768493.551000118 -2.14156 -2.06658 0.08232 0.39316 0.74471 0.42486 0.33216
1644768493.603695154 -2.13108 -2.10780 0.07594 0.38561 0.74786 0.42941 0.32807
1644768493.670499086 -2.11418 -2.15896 0.06568 0.37531 0.75066 0.43617 0.32467
1644768493.723809958 -2.09616 -2.19753 0.05631 0.36687 0.75273 0.43980 0.32463
1644768493.763791800 -2.08261 -2.22764 0.04735 0.36003 0.75487 0.44366 0.32206
1644768493.830440998 -2.05628 -2.27809 0.03185 0.34911 0.75660 0.45187 0.31858
1644768493.857225895 -2.04248 -2.29721 0.02648 0.34434 0.75788 0.45522 0.31595
1644768493.923760176 -2.01099 -2.35016 0.01237 0.33208 0.76073 0.46443 0.30875
1644768493.950474977 -1.99791 -2.37134 0.00719 0.32772 0.76067 0.46895 0.30669
1644768494.017150879 -1.96362 -2.42406 -0.00413 0.32033 0.75786 0.48190 0.30136
1644768494.057125092 -1.94520 -2.45624 -0.01028 0.31792 0.75263 0.49078 0.30268
1644768494.123857975 -1.91606 -2.50575 -0.01741 0.31155 0.74786 0.50221 0.30239
1644768494.163826942 -1.89730 -2.53402 -0.02190 0.30978 0.74345 0.50742 0.30635
1644768494.230388880 -1.86593 -2.58370 -0.03013 0.30222 0.73948 0.51848 0.30497
1644768494.257119894 -1.85231 -2.60232 -0.03521 0.30023 0.73732 0.52333 0.30390
1644768494.297097921 -1.83193 -2.63104 -0.04302 0.29566 0.73518 0.53108 0.30008
1644768494.350435019 -1.80224 -2.66788 -0.05533 0.28930 0.73082 0.54266 0.29620
1644768494.417033911 -1.76268 -2.71383 -0.07270 0.27733 0.73049 0.55260 0.29003
1644768494.458014011 -1.73852 -2.74177 -0.08510 0.26834 0.73030 0.55884 0.28697
1644768494.523869038 -1.69433 -2.78442 -0.10493 0.25524 0.73071 0.57127 0.27306
1644768494.564441204 -1.66684 -2.81047 -0.11699 0.24725 0.73140 0.57882 0.26247
1644768494.590766191 -1.64848 -2.82714 -0.12390 0.24075 0.73290 0.58284 0.25533
1644768494.643925905 -1.61085 -2.85806 -0.13463 0.22778 0.73514 0.59026 0.24349
1644768494.724047899 -1.55267 -2.90142 -0.14767 0.21201 0.73341 0.60578 0.22402
1644768494.763983965 -1.52468 -2.91804 -0.15271 0.20301 0.73232 0.61207 0.21877
1644768494.804013968 -1.49597 -2.93479 -0.15861 0.19661 0.73101 0.61844 0.21095
1644768494.843994141 -1.46674 -2.94811 -0.16415 0.18926 0.72854 0.62612 0.20344
1644768494.910645962 -1.41698 -2.96644 -0.17580 0.16979 0.72598 0.63733 0.19478
1644768494.963993073 -1.37586 -2.98207 -0.18634 0.15337 0.72404 0.64544 0.18881
1644768494.990668058 -1.35686 -2.98811 -0.19197 0.14440 0.72352 0.64883 0.18625
1644768495.070704937 -1.29186 -3.01378 -0.20974 0.11801 0.72310 0.65685 0.17818
1644768495.110829115 -1.25703 -3.02878 -0.21795 0.10551 0.72350 0.65903 0.17632
1644768495.137438059 -1.23395 -3.03893 -0.22236 0.09793 0.72421 0.66001 0.17414
1644768495.204034090 -1.17410 -3.06626 -0.23072 0.08400 0.72717 0.66108 0.16476
1644768495.244036198 -1.13876 -3.08247 -0.23272 0.07591 0.72631 0.66348 0.16281
1644768495.310890913 -1.08021 -3.10994 -0.23152 0.06086 0.72287 0.66910 0.16142
1644768495.350726843 -1.04618 -3.12496 -0.22803 0.05373 0.72193 0.67023 0.16347
1644768495.391021967 -1.01362 -3.14020 -0.22243 0.04616 0.71943 0.67208 0.16911
1644768495.470942974 -0.94851 -3.16817 -0.20887 0.03070 0.71802 0.67454 0.16883
1644768495.497508049 -0.92913 -3.17851 -0.20365 0.02247 0.71835 0.67407 0.17060
1644768495.550845861 -0.88454 -3.19720 -0.19526 0.00528 0.71634 0.67414 0.17988
1644768495.617577076 -0.83248 -3.22213 -0.18758 -0.00408 0.71387 0.67687 0.17951
1644768495.657567978 -0.79839 -3.23738 -0.18454 -0.00993 0.70918 0.68122 0.18141
1644768495.697556019 -0.76532 -3.25403 -0.18249 -0.01976 0.70384 0.68589 0.18375
1644768495.764281034 -0.70471 -3.28089 -0.17739 -0.03299 0.70214 0.68792 0.18080
1644768495.804261923 -0.67250 -3.29829 -0.17341 -0.04654 0.69849 0.69041 0.18240
1644768495.844455957 -0.63487 -3.31337 -0.16711 -0.05888 0.69670 0.69176 0.18059
1644768495.910917044 -0.57877 -3.33982 -0.15444 -0.07914 0.68934 0.69843 0.17532
1644768495.964489937 -0.53246 -3.35795 -0.14251 -0.08270 0.69036 0.70061 0.16035
1644768496.004397154 -0.50200 -3.37293 -0.13308 -0.08728 0.69181 0.70064 0.15128
1644768496.071316957 -0.44734 -3.39077 -0.11523 -0.09921 0.69866 0.69458 0.13996
1644768496.111109972 -0.41691 -3.39978 -0.10496 -0.10456 0.70219 0.69153 0.13331
1644768496.150967121 -0.38777 -3.41210 -0.09574 -0.10988 0.70532 0.68903 0.12526
1644768496.217734814 -0.33366 -3.42227 -0.08108 -0.12145 0.70645 0.68659 0.12157
1644768496.257778883 -0.30826 -3.42882 -0.07425 -0.12671 0.70623 0.68633 0.11886
1644768496.297930002 -0.27607 -3.43250 -0.06775 -0.13009 0.70594 0.68684 0.11393
1644768496.364674091 -0.22288 -3.43718 -0.05683 -0.14169 0.70600 0.68565 0.10666
1644768496.404570103 -0.19391 -3.44075 -0.05039 -0.15021 0.70621 0.68360 0.10677
1644768496.444440126 -0.15995 -3.44232 -0.04162 -0.15796 0.70807 0.68033 0.10407
1644768496.511154890 -0.10287 -3.44378 -0.02440 -0.16925 0.70910 0.67749 0.09770
1644768496.551400900 -0.07104 -3.44412 -0.01393 -0.16717 0.71034 0.67784 0.08942
1644768496.631141186 -0.00201 -3.44201 0.00822 -0.16310 0.71542 0.67510 0.07626
1644768496.657887936 0.02087 -3.44217 0.01622 -0.16257 0.71910 0.67148 0.07474
1644768496.698372126 0.05276 -3.44469 0.02776 -0.15852 0.72407 0.66741 0.07174
1644768496.777990818 0.12017 -3.44226 0.05122 -0.15800 0.72837 0.66411 0.05881
1644768496.804630041 0.14097 -3.44303 0.05871 -0.15529 0.73072 0.66256 0.05417
1644768496.844560862 0.17551 -3.44009 0.06850 -0.15181 0.73239 0.66211 0.04661
1644768496.911395073 0.23394 -3.43604 0.08285 -0.14729 0.73789 0.65771 0.03508
1644768496.951346874 0.26919 -3.43591 0.08996 -0.14556 0.74052 0.65534 0.03109
1644768497.018035889 0.33074 -3.42998 0.10013 -0.14764 0.74100 0.65465 0.02344
1644768497.084786892 0.39252 -3.42692 0.10755 -0.15130 0.74110 0.65403 0.01072
1644768497.124677896 0.43201 -3.42237 0.11109 -0.15733 0.73825 0.65592 0.00231
1644768497.151437044 0.45900 -3.41917 0.11351 -0.16298 0.73752 0.65535 -0.00347
1644768497.218104124 0.52476 -3.41104 0.11976 -0.17821 0.73899 0.64940 -0.02055
1644768497.284850836 0.59169 -3.39700 0.12640 -0.20125 0.73753 0.64319 -0.04312
1644768497.324805975 0.62800 -3.38706 0.12893 -0.20858 0.73846 0.63833 -0.06087
1644768497.378278971 0.67673 -3.37259 0.13305 -0.22019 0.74200 0.62793 -0.08158
1644768497.419236183 0.71394 -3.35971 0.13624 -0.23290 0.74389 0.61993 -0.08983
1644768497.458192825 0.74683 -3.34633 0.13970 -0.24441 0.74500 0.61308 -0.09680
1644768497.511752844 0.79192 -3.32673 0.14362 -0.25642 0.74511 0.60617 -0.10777
1644768497.551813841 0.82448 -3.31007 0.14554 -0.26642 0.74544 0.59870 -0.12204
1644768497.604840040 0.86580 -3.28854 0.14604 -0.27606 0.74667 0.58910 -0.13867
1644768497.685019970 0.93000 -3.25473 0.14306 -0.29663 0.74515 0.57688 -0.15485
1644768497.725008965 0.96238 -3.23591 0.14074 -0.30430 0.74626 0.56976 -0.16087
1644768497.765117884 0.99520 -3.21589 0.13757 -0.31189 0.74561 0.56509 -0.16573
1644768497.805140018 1.02975 -3.19712 0.13490 -0.31869 0.74720 0.55808 -0.16933
1644768497.845127821 1.06246 -3.17567 0.13360 -0.32672 0.75089 0.54697 -0.17392
1644768497.925047159 1.13150 -3.13582 0.13488 -0.33921 0.75552 0.52912 -0.18479
1644768497.965162992 1.16368 -3.11318 0.13755 -0.34706 0.75335 0.52579 -0.18855
1644768497.991880894 1.18475 -3.09834 0.13963 -0.35196 0.75135 0.52267 -0.19596
1644768498.072097063 1.24842 -3.05952 0.14531 -0.36260 0.74329 0.52079 -0.21171
1644768498.111685038 1.27913 -3.04024 0.14836 -0.37097 0.73908 0.51771 -0.21936
1644768498.152240038 1.30872 -3.01843 0.15068 -0.37797 0.73339 0.51764 -0.22656
1644768498.218840122 1.36175 -2.98321 0.15073 -0.38746 0.72232 0.52009 -0.24006
1644768498.258532047 1.39172 -2.96015 0.14937 -0.39000 0.71897 0.51931 -0.24761
1644768498.325196028 1.44535 -2.92227 0.14463 -0.39780 0.71210 0.51775 -0.25810
1644768498.351812124 1.46716 -2.90717 0.14171 -0.40121 0.70861 0.51793 -0.26201
1644768498.418771982 1.52091 -2.86875 0.13530 -0.41148 0.70137 0.51439 -0.27233
1644768498.459194899 1.55184 -2.84170 0.13233 -0.41982 0.69715 0.50978 -0.27902
1644768498.525516033 1.60418 -2.80301 0.13147 -0.43557 0.69157 0.50112 -0.28443
1644768498.565186977 1.63157 -2.77569 0.13230 -0.44921 0.68444 0.49574 -0.28981
1644768498.605314016 1.65973 -2.74951 0.13219 -0.45486 0.67732 0.49441 -0.29982
1644768498.672055960 1.70322 -2.70737 0.13043 -0.46121 0.66579 0.49506 -0.31452
1644768498.712299109 1.72918 -2.68184 0.12924 -0.46353 0.66305 0.49154 -0.32232
1644768498.752000093 1.75246 -2.65397 0.12707 -0.46744 0.66114 0.48762 -0.32652
1644768498.818557978 1.78995 -2.60784 0.12243 -0.48087 0.65459 0.48021 -0.33117
1644768498.859884024 1.81228 -2.57839 0.11845 -0.48639 0.65531 0.47254 -0.33272
1644768498.925750017 1.84207 -2.52857 0.10897 -0.49567 0.65205 0.46510 -0.33588
1644768498.952226162 1.85448 -2.50853 0.10439 -0.49935 0.65073 0.46263 -0.33643
1644768499.032175064 1.89039 -2.44294 0.09113 -0.51128 0.64303 0.45467 -0.34407
1644768499.059189081 1.90290 -2.42060 0.08700 -0.51504 0.64139 0.45211 -0.34490
1644768499.098873138 1.91802 -2.38397 0.08253 -0.52007 0.64084 0.44600 -0.34632
1644768499.165452957 1.94869 -2.32570 0.07812 -0.53043 0.63864 0.43666 -0.34657
1644768499.205507994 1.96671 -2.29078 0.07739 -0.53231 0.63688 0.43902 -0.34394
1644768499.272111177 1.98976 -2.23050 0.07868 -0.53670 0.63220 0.43291 -0.35336
1644768499.312184095 2.00473 -2.19658 0.07901 -0.54195 0.62613 0.43216 -0.35705
1644768499.378851175 2.03113 -2.14042 0.08150 -0.55262 0.61981 0.41962 -0.36655
1644768499.419013977 2.04569 -2.10513 0.08313 -0.55793 0.61630 0.41421 -0.37057
1644768499.445908070 2.04118 -2.08007 0.08387 -0.56290 0.61174 0.41469 -0.37007
1644768499.525588036 2.06937 -2.00841 0.08510 -0.57405 0.60213 0.40713 -0.37703
1644768499.553284168 2.07785 -1.98230 0.08466 -0.57692 0.59767 0.40664 -0.38027
1644768499.618807077 2.08595 -1.91906 0.08024 -0.58480 0.58606 0.40546 -0.38747
1644768499.659106970 2.09654 -1.87884 0.07625 0.58948 -0.57811 -0.40318 0.39467
1644768499.725495100 2.10936 -1.80879 0.06800 0.60381 -0.55881 -0.39742 0.40646
1644768499.765562773 2.10848 -1.76424 0.06338 0.61401 -0.54843 -0.38938 0.41304
1644768499.832263947 2.10877 -1.69183 0.05928 0.63419 -0.52403 -0.37914 0.42362
1644768499.885719061 2.10879 -1.63593 0.05914 0.64929 -0.50128 -0.36221 0.44266
1644768499.925636053 2.10365 -1.59325 0.06155 0.65535 -0.48904 -0.35270 0.45492
1644768499.979138136 2.09852 -1.53608 0.06749 0.66664 -0.47363 -0.33940 0.46484
1644768500.005616188 2.09641 -1.50684 0.07232 0.67269 -0.46891 -0.33340 0.46525
1644768500.085833073 2.08309 -1.42883 0.08622 0.69181 -0.44883 -0.32186 0.46515
1644768500.112381935 2.07754 -1.40462 0.08957 0.69553 -0.44257 -0.31758 0.46852
1644768500.165839195 2.06307 -1.35550 0.09389 0.70006 -0.43233 -0.31057 0.47598
1644768500.232373953 2.04319 -1.29642 0.09493 0.70817 -0.41986 -0.30794 0.47684
1644768500.272487879 2.02816 -1.26034 0.09310 0.71455 -0.41278 -0.30841 0.47320
1644768500.299137115 2.01856 -1.23735 0.09224 0.71936 -0.40825 -0.30659 0.47102
1644768500.379322052 1.98930 -1.16489 0.09035 0.73223 -0.39360 -0.30599 0.46400
1644768500.405973911 1.97754 -1.14140 0.08929 0.73679 -0.38659 -0.30562 0.46291
1644768500.472553968 1.95234 -1.08109 0.08909 0.73993 -0.37467 -0.30254 0.46967
1644768500.512608051 1.93897 -1.04484 0.09077 0.74051 -0.36858 -0.30226 0.47375
1644768500.579288006 1.91647 -0.98621 0.09636 0.74681 -0.35434 -0.30124 0.47536
1644768500.619421959 1.90062 -0.95335 0.09852 0.74900 -0.34860 -0.29745 0.47853
1644768500.659181118 1.88656 -0.91899 0.10166 0.74926 -0.34607 -0.29064 0.48412
1644768500.699329138 1.87125 -0.88408 0.10341 0.74929 -0.34093 -0.28561 0.49067
1644768500.765856028 1.84406 -0.82619 0.10347 0.74969 -0.33126 -0.28309 0.49810
1644768500.806117773 1.82430 -0.79247 0.10001 0.74928 -0.32551 -0.28100 0.50365
1644768500.872837067 1.79198 -0.73466 0.09521 0.74672 -0.32098 -0.27675 0.51263
1644768500.912919044 1.76962 -0.69977 0.09101 0.74684 -0.31268 -0.27805 0.51686
1644768500.952709913 1.74817 -0.66501 0.08811 0.74798 -0.30260 -0.27778 0.52134
1644768501.019356012 1.70843 -0.60589 0.08439 0.75066 -0.28889 -0.26995 0.52932
1644768501.099401951 1.65903 -0.54031 0.08541 0.75872 -0.26162 -0.26022 0.53682
1644768501.139352083 1.63387 -0.50488 0.08893 0.76322 -0.24455 -0.24888 0.54382
1644768501.192816019 1.59922 -0.46496 0.09540 0.76513 -0.22297 -0.23436 0.55672
1644768501.259433985 1.55537 -0.41275 0.10486 0.76541 -0.20581 -0.22257 0.56767
1644768501.312934875 1.52090 -0.37235 0.11242 0.76575 -0.19540 -0.21973 0.57198
1644768501.366119862 1.48706 -0.33753 0.11864 0.76795 -0.18274 -0.21909 0.57346
1644768501.419408798 1.45222 -0.30588 0.12193 0.76788 -0.17297 -0.21709 0.57734
1644768501.446254015 1.43598 -0.29010 0.12266 0.76826 -0.16957 -0.21353 0.57916
1644768501.499648094 1.40005 -0.25976 0.12155 0.77014 -0.16309 -0.20792 0.58056
1644768501.539599180 1.37258 -0.23746 0.11937 0.77429 -0.15874 -0.20482 0.57735
1644768501.566349983 1.35379 -0.22258 0.11769 0.77796 -0.15627 -0.20213 0.57402
1644768501.606317997 1.32499 -0.19995 0.11566 0.78182 -0.15293 -0.19979 0.57049
1644768501.686203957 1.26454 -0.15775 0.11190 0.78681 -0.15224 -0.19076 0.56689
1644768501.726277828 1.23560 -0.13746 0.11158 0.79005 -0.14796 -0.17944 0.56721
1644768501.766298771 1.20707 -0.11693 0.11284 0.79301 -0.14608 -0.17070 0.56626
1644768501.806200981 1.17825 -0.09763 0.11477 0.79778 -0.14097 -0.16959 0.56117
1644768501.886171818 1.11983 -0.05948 0.11961 0.80122 -0.12993 -0.15488 0.56319
1644768501.926263094 1.08913 -0.04242 0.12143 0.79824 -0.13043 -0.15077 0.56839
1644768501.952929974 1.06950 -0.02939 0.12372 0.79860 -0.12905 -0.14782 0.56898
1644768502.032948017 1.00733 0.00047 0.12769 0.80468 -0.11972 -0.14891 0.56213
1644768502.059669971 0.98652 0.00862 0.12765 0.80482 -0.11490 -0.15105 0.56236
1644768502.099642992 0.95606 0.02166 0.12742 0.80368 -0.11054 -0.14916 0.56536
1644768502.166336060 0.90060 0.04251 0.12406 0.79891 -0.10847 -0.14234 0.57422
1644768502.206352949 0.86653 0.05508 0.12060 0.79725 -0.10188 -0.13856 0.57863
1644768502.273364067 0.81065 0.07444 0.11407 0.79839 -0.09605 -0.13398 0.57913
1644768502.313184023 0.77602 0.08581 0.10940 0.79715 -0.09088 -0.13168 0.58220
1644768502.353151083 0.74220 0.09752 0.10454 0.79563 -0.08774 -0.12457 0.58631
1644768502.419757128 0.68867 0.11648 0.09759 0.79088 -0.08973 -0.12056 0.59323
1644768502.459833145 0.65700 0.12669 0.09435 0.78893 -0.08863 -0.11475 0.59713
1644768502.500056028 0.62667 0.13749 0.09323 0.78683 -0.08945 -0.11511 0.59970
1644768502.566512823 0.57973 0.14952 0.09355 0.78573 -0.08832 -0.12267 0.59982
1644768502.606539965 0.55405 0.15494 0.09530 0.78626 -0.08749 -0.12576 0.59860
1644768502.659894943 0.52273 0.16213 0.09754 0.78317 -0.08794 -0.13101 0.60146
1644768502.753261089 0.47704 0.16550 0.09330 0.77312 -0.09044 -0.15052 0.60947
1644768502.806601048 0.45783 0.15878 0.08419 0.76519 -0.09400 -0.16128 0.61614
1644768502.846574068 0.44283 0.14693 0.07477 0.76092 -0.09422 -0.16501 0.62040
1644768502.859908104 0.43768 0.14208 0.07103 0.75954 -0.09354 -0.16588 0.62196
1644768502.926608801 0.40257 0.10756 0.05218 0.75608 -0.08990 -0.15963 0.62831
1644768503.020092010 0.34543 0.03724 0.02468 0.75316 -0.07405 -0.14252 0.63793
1644768503.060122967 0.32048 0.00324 0.01256 0.75024 -0.06486 -0.13888 0.64315
1644768503.126688957 0.27858 -0.06360 -0.00685 0.74293 -0.05825 -0.12517 0.65497
1644768503.166767120 0.25306 -0.10681 -0.01825 0.74015 -0.05407 -0.11852 0.65971
1644768503.206680059 0.22715 -0.14625 -0.02809 0.74133 -0.05135 -0.10886 0.66026
1644768503.246832132 0.20277 -0.18927 -0.03841 0.74108 -0.04763 -0.10873 0.66084
1644768503.273430109 0.18594 -0.21660 -0.04521 0.74107 -0.04203 -0.10552 0.66175
1644768503.300045967 0.17099 -0.24488 -0.05201 0.74319 -0.04030 -0.09726 0.66074
1644768503.366904020 0.13521 -0.31736 -0.07074 0.74809 -0.03689 -0.08372 0.65726
1644768503.433414936 0.10325 -0.39010 -0.09121 0.75979 -0.03342 -0.06043 0.64649
1644768503.486981869 0.08038 -0.44960 -0.10799 0.76764 -0.02639 -0.04471 0.63877
1644768503.526823997 0.06544 -0.49432 -0.12014 0.77377 -0.02022 -0.03709 0.63206
1644768503.566825867 0.05209 -0.53882 -0.13159 0.77797 -0.01328 -0.03535 0.62716
1644768503.593489885 0.04483 -0.56907 -0.13880 0.77963 -0.00916 -0.03743 0.62505
1644768503.646954060 0.02818 -0.62668 -0.15082 0.78050 -0.00340 -0.04526 0.62351
1644768503.700354099 0.01225 -0.68458 -0.16256 0.77425 -0.00013 -0.06247 0.62980
1644768503.753751993 -0.00409 -0.73954 -0.17492 0.76245 -0.00637 -0.07060 0.64315
1644768503.793802023 -0.01500 -0.77751 -0.18423 0.75470 -0.01203 -0.07643 0.65149
1644768503.860239029 -0.03241 -0.82679 -0.19935 0.75199 -0.01227 -0.08002 0.65418
1644768503.926920891 -0.04699 -0.85886 -0.20475 0.76375 -0.00656 -0.07622 0.64096
1644768503.953696012 -0.05141 -0.86666 -0.20335 0.76374 -0.00563 -0.06896 0.64180
1644768503.993833065 -0.05707 -0.87385 -0.19954 0.75709 -0.00059 -0.05435 0.65104
1644768504.073655128 -0.06619 -0.86101 -0.17959 0.74800 0.00839 -0.03185 0.66288
1644768504.113781929 -0.06934 -0.84513 -0.16669 0.74357 0.00826 -0.00927 0.66855
1644768504.153696060 -0.07160 -0.82113 -0.15097 0.74327 0.00485 0.01779 0.66873
1644768504.193727016 -0.07403 -0.79045 -0.13365 0.74284 0.00478 0.03824 0.66836
1644768504.247020006 -0.07727 -0.74049 -0.10947 0.74331 0.01472 0.06246 0.66587
1644768504.313836098 -0.08263 -0.66867 -0.07844 0.75063 0.03843 0.06790 0.65610
1644768504.353797913 -0.08499 -0.62200 -0.05959 0.75490 0.05006 0.06482 0.65070
1644768504.393722057 -0.08662 -0.57522 -0.04116 0.75868 0.05652 0.06503 0.64574
1644768504.460485935 -0.08835 -0.49282 -0.01382 0.75721 0.05346 0.06258 0.64797
1644768504.527137995 -0.08916 -0.41172 0.01627 0.76039 0.04406 0.05396 0.64572
1644768504.567222118 -0.08958 -0.36308 0.03487 0.76108 0.03379 0.04606 0.64614
1644768504.607270002 -0.08630 -0.31552 0.05648 0.76026 0.02372 0.03838 0.64805
1644768504.647250891 -0.08107 -0.26894 0.07771 0.75575 0.01507 0.02678 0.65413
1644768504.713914871 -0.06920 -0.19266 0.11127 0.75222 -0.00068 0.01086 0.65882
1644768504.754012823 -0.05897 -0.15020 0.13073 0.75230 -0.00444 -0.00095 0.65881
1644768504.793896914 -0.04761 -0.11152 0.14821 0.74995 -0.00963 -0.02424 0.66098
1644768504.848372936 -0.03209 -0.06377 0.16838 0.74817 -0.01833 -0.05354 0.66109
1644768504.927268028 -0.01092 -0.01634 0.19072 0.74430 -0.02857 -0.07682 0.66280
1644768504.953900099 -0.00569 -0.00748 0.19593 0.74289 -0.02814 -0.07995 0.66402
1644768505.007323980 -0.00255 -0.00265 0.20011 0.73665 -0.01967 -0.08349 0.67081
1644768505.047407150 -0.00528 -0.01026 0.19757 0.73297 -0.01109 -0.08218 0.67519
1644768505.114003897 -0.01980 -0.04604 0.18281 0.73365 0.01022 -0.05804 0.67696
1644768505.167353153 -0.03890 -0.09321 0.16269 0.73756 0.03180 -0.03988 0.67335
1644768505.194182873 -0.05125 -0.12098 0.15019 0.74129 0.04338 -0.03164 0.66903
1644768505.247363091 -0.07479 -0.18598 0.12362 0.74705 0.06836 -0.01635 0.66104
1644768505.300825119 -0.09716 -0.26005 0.09444 0.74685 0.08790 -0.00085 0.65915
1644768505.354124069 -0.11586 -0.34016 0.06562 0.74493 0.10663 0.02925 0.65792
1644768505.420753002 -0.13189 -0.43782 0.03166 0.74091 0.11248 0.06045 0.65935
1644768505.460777044 -0.13977 -0.49316 0.01170 0.73873 0.11446 0.07646 0.65980
1644768505.487459183 -0.14482 -0.52707 -0.00100 0.73784 0.11409 0.08776 0.65945
1644768505.554277897 -0.15461 -0.61168 -0.03510 0.73592 0.09458 0.10567 0.66205
1644768505.594214916 -0.15864 -0.65922 -0.05424 0.73517 0.08095 0.11759 0.66268
1644768505.647597075 -0.16227 -0.71948 -0.07846 0.72263 0.06430 0.11252 0.67898
1644768505.701053858 -0.16489 -0.77437 -0.09998 0.70986 0.04409 0.09870 0.69600
1644768505.754271984 -0.16544 -0.82124 -0.11769 0.69805 0.03013 0.09240 0.70943
1644768505.807694197 -0.16512 -0.85975 -0.13235 0.68377 0.02307 0.09533 0.72307
1644768505.847633839 -0.16537 -0.88155 -0.13987 0.67465 0.02997 0.09655 0.73118
1644768505.914373875 -0.16642 -0.90354 -0.14339 0.66820 0.03779 0.09239 0.73725
1644768505.940924883 -0.16610 -0.90655 -0.14146 0.66745 0.03333 0.10046 0.73709
1644768506.007792234 -0.17036 -0.90628 -0.13096 0.65625 0.01920 0.13110 0.74282
1644768506.074327946 -0.18083 -0.89532 -0.11915 0.63615 0.00559 0.16542 0.75360
1644768506.127702951 -0.18987 -0.87901 -0.10936 0.61591 -0.02237 0.20980 0.75904
1644768506.167687893 -0.19728 -0.86318 -0.10209 0.59501 -0.04701 0.25054 0.76223
1644768506.207815886 -0.20689 -0.84702 -0.09515 0.57339 -0.07360 0.27938 0.76665
1644768506.261029959 -0.22358 -0.82595 -0.08564 0.54575 -0.09946 0.31518 0.77001
1644768506.327827930 -0.24898 -0.79163 -0.07161 0.52340 -0.12236 0.34579 0.76910
1644768506.381268024 -0.27476 -0.76018 -0.06069 0.51510 -0.12287 0.35552 0.77018
1644768506.434437990 -0.30340 -0.72277 -0.05050 0.51389 -0.11127 0.35495 0.77301
1644768506.461149931 -0.31828 -0.70029 -0.04603 0.51540 -0.10592 0.35352 0.77341
1644768506.487926006 -0.33418 -0.68179 -0.04165 0.51759 -0.10133 0.35321 0.77271
1644768506.541128874 -0.36560 -0.63790 -0.03493 0.52566 -0.09415 0.34547 0.77167
1644768506.607831001 -0.41200 -0.58844 -0.02517 0.54818 -0.07422 0.31024 0.77314
1644768506.634791851 -0.43129 -0.56733 -0.02068 0.56158 -0.06177 0.28405 0.77468
1644768506.714905024 -0.49039 -0.50653 -0.00497 0.60905 -0.02539 0.16585 0.77518
1644768506.781253099 -0.53764 -0.46088 0.01355 0.63668 -0.00048 0.05151 0.76941
1644768506.848136902 -0.57754 -0.41722 0.04009 0.65145 0.01697 -0.05385 0.75659
1644768506.874703884 -0.59179 -0.40149 0.05226 0.65187 0.02750 -0.09358 0.75203
1644768506.901243925 -0.60460 -0.38638 0.06629 0.64984 0.03965 -0.13301 0.74729
1644768506.968058109 -0.63069 -0.35513 0.10882 0.64174 0.06466 -0.23259 0.72794
1644768507.034726858 -0.64730 -0.33230 0.15557 0.62048 0.09711 -0.33022 0.70465
1644768507.075068951 -0.65202 -0.32328 0.18285 0.60629 0.11248 -0.37174 0.69395
1644768507.114717960 -0.65541 -0.32029 0.21019 0.59219 0.12568 -0.40618 0.68449
1644768507.141547918 -0.65644 -0.32167 0.22866 0.58350 0.13580 -0.42688 0.67739
1644768507.248106003 -0.65966 -0.35479 0.30297 0.53528 0.18899 -0.50851 0.64743
1644768507.261637211 -0.66140 -0.35956 0.31194 0.52917 0.19666 -0.51621 0.64407
1644768507.381606817 -0.65512 -0.43844 0.37535 0.48462 0.25967 -0.54705 0.63123
1644768507.408239126 -0.65481 -0.45986 0.38574 0.47845 0.28279 -0.54031 0.63180
1644768507.461674929 -0.65205 -0.50696 0.40249 0.48083 0.34343 -0.51372 0.62205
1644768507.488247156 -0.65055 -0.52992 0.40907 0.48692 0.37624 -0.50199 0.60775
1644768507.502183914 -0.65040 -0.54160 0.41224 0.49138 0.39259 -0.49758 0.59736
1644768507.541630983 -0.64722 -0.57411 0.41711 0.50931 0.43695 -0.48847 0.55774
1644768507.608357191 -0.64551 -0.62505 0.41618 0.54717 0.51118 -0.46742 0.46991
1644768507.688457966 -0.65158 -0.67863 0.40055 0.57863 0.58060 -0.43480 0.37289
1644768507.715090036 -0.65835 -0.69718 0.39418 0.59528 0.59582 -0.41192 0.34780
1644768507.795258045 -0.67944 -0.73901 0.35419 0.65690 0.61761 -0.30227 0.30931
1644768507.835489035 -0.69546 -0.75869 0.32693 0.69878 0.60674 -0.20766 0.31694
1644768507.888340950 -0.71092 -0.77576 0.28241 0.74836 0.56365 -0.06130 0.34425
1644768507.915601969 -0.72288 -0.78395 0.25889 0.76545 0.53289 0.01540 0.36039
1644768507.955333948 -0.73524 -0.79177 0.22517 0.78041 0.48362 0.11860 0.37815
1644768507.981856108 -0.74650 -0.79764 0.20425 0.78141 0.45475 0.17193 0.39120
1644768508.088397980 -0.79076 -0.80699 0.13397 0.74060 0.40087 0.25806 0.47352
1644768508.101744890 -0.79689 -0.80397 0.12752 0.73504 0.39665 0.25746 0.48589
1644768508.248548031 -0.88640 -0.75959 0.07135 0.69883 0.28836 0.27208 0.59536
1644768508.261870146 -0.89591 -0.75387 0.06772 0.69727 0.27533 0.27722 0.60097
1644768508.301818848 -0.92398 -0.73324 0.05887 0.69318 0.23512 0.29030 0.61640
1644768508.355309963 -0.96167 -0.70269 0.05345 0.69017 0.17974 0.30661 0.63035
1644768508.458063841 -1.02721 -0.63705 0.05330 0.67371 0.11585 0.27972 0.67412
1644768508.462126017 -1.02974 -0.63335 0.05306 0.67374 0.11543 0.27836 0.67473
1644768508.515374184 -1.07221 -0.59451 0.05445 0.67609 0.11054 0.24661 0.68547
1644768508.555248022 -1.10303 -0.56843 0.05448 0.68561 0.10772 0.20293 0.69077
1644768508.568556070 -1.10757 -0.55079 0.04839 0.68870 0.11166 0.18910 0.69099
1644768508.621872187 -1.13890 -0.51274 0.04447 0.70224 0.13086 0.14506 0.68461
1644768508.662132025 -1.15858 -0.48369 0.04005 0.71386 0.14539 0.11406 0.67547
1644768508.755348921 -1.20355 -0.42937 0.03347 0.73284 0.19879 0.05010 0.64878
1644768508.768737078 -1.20494 -0.42269 0.03242 0.73572 0.20805 0.04305 0.64310
1644768508.836193085 -1.22755 -0.39423 0.03074 0.74729 0.26012 0.00360 0.61146
1644768508.875276089 -1.23824 -0.38083 0.03051 0.75355 0.28914 -0.01647 0.59016
1644768508.942203999 -1.24556 -0.36922 0.02906 0.76915 0.32097 -0.04402 0.55086
1644768508.955417156 -1.24959 -0.37105 0.02476 0.77262 0.32401 -0.04695 0.54394
1644768509.048794985 -1.24131 -0.38569 -0.01249 0.77964 0.33359 -0.03421 0.52888
1644768509.062088013 -1.24377 -0.38766 -0.02136 0.77808 0.33411 -0.02561 0.53132
1644768509.115543127 -1.22503 -0.41362 -0.06420 0.76624 0.32352 0.01085 0.55506
1644768509.182278872 -1.18548 -0.46059 -0.12547 0.73353 0.27530 0.04732 0.61960
1644768509.315521955 -1.07305 -0.60354 -0.22637 0.62237 0.11631 0.12452 0.76395
1644768509.382352829 -1.02274 -0.68418 -0.24725 0.57512 0.03556 0.14941 0.80352
1644768509.448781013 -0.98435 -0.76722 -0.24347 0.54829 -0.01400 0.15758 0.82119
1644768509.462292910 -0.97789 -0.78537 -0.24100 0.54427 -0.02018 0.15869 0.82351
1644768509.515663862 -0.96139 -0.84913 -0.22539 0.53143 -0.03748 0.14913 0.83303
1644768509.528894901 -0.95842 -0.86459 -0.22104 0.52984 -0.03842 0.14344 0.83499
1644768509.542234898 -0.95575 -0.88236 -0.21799 0.52916 -0.03688 0.13744 0.83651
1644768509.595813990 -0.95315 -0.94108 -0.19958 0.53374 -0.00294 0.11974 0.83713
1644768509.608979940 -0.95299 -0.95579 -0.19536 0.53636 0.01175 0.11710 0.83574
1644768509.688884974 -0.95225 -1.04247 -0.17279 0.55716 0.15994 0.10625 0.80790
1644768509.728924990 -0.95013 -1.08220 -0.16703 0.56770 0.24504 0.10834 0.77842
1644768509.782315969 -0.93628 -1.13503 -0.16520 0.58120 0.33138 0.11892 0.73365
1644768510.049026012 -0.81409 -1.34512 -0.26044 0.62883 0.27453 0.27128 0.67499
1644768510.089042902 -0.80029 -1.36934 -0.27537 0.63223 0.24621 0.28204 0.67832
1644768510.142481804 -0.78530 -1.39280 -0.29356 0.63980 0.21414 0.28915 0.67911
1644768510.182362795 -0.77342 -1.37374 -0.31052 0.64816 0.19746 0.28575 0.67767
1644768510.235970020 -0.80160 -1.33578 -0.32796 0.65919 0.18362 0.27845 0.67395
1644768510.289050102 -0.80305 -1.34242 -0.33877 0.66828 0.17984 0.26314 0.67218
1644768510.355844021 -0.80096 -1.35102 -0.34828 0.67859 0.17821 0.24353 0.66967
1644768510.409101009 -0.79985 -1.35758 -0.35362 0.68656 0.18200 0.22671 0.66642
1644768510.449167967 -0.79695 -1.36439 -0.35576 0.69054 0.18750 0.21648 0.66418
1644768510.529226065 -0.79354 -1.36770 -0.36696 0.67963 0.18684 0.20547 0.67895
1644768510.622524977 -0.79746 -1.35772 -0.37243 0.68071 0.17940 0.18935 0.68454
1644768510.649231195 -0.79599 -1.35854 -0.36836 0.68096 0.18014 0.18939 0.68409
1644768510.689283133 -0.79575 -1.35990 -0.36703 0.68062 0.18052 0.19187 0.68363
1644768510.729221821 -0.79577 -1.35975 -0.36750 0.68051 0.18083 0.19225 0.68355
1644768510.769285202 -0.79548 -1.36003 -0.36817 0.68037 0.18146 0.19259 0.68343
1644768510.795992136 -0.79532 -1.36026 -0.36934 0.68035 0.18162 0.19252 0.68343
1644768510.835977077 -0.79549 -1.35975 -0.37036 0.68027 0.18174 0.19277 0.68341
1644768510.849407911 -0.79532 -1.36025 -0.37140 0.68030 0.18177 0.19286 0.68334
1644768510.902661085 -0.79513 -1.36038 -0.37169 0.68032 0.18172 0.19293 0.68331
1644768510.929381132 -0.79480 -1.36110 -0.37236 0.68036 0.18172 0.19299 0.68326
1644768510.969449997 -0.79479 -1.36119 -0.37122 0.68036 0.18169 0.19310 0.68323
1644768510.996016026 -0.79518 -1.35905 -0.35960 0.68045 0.18162 0.19347 0.68306
1644768511.035938978 -0.79568 -1.35827 -0.35474 0.68062 0.18199 0.19344 0.68280
1644768511.062949181 -0.79571 -1.35804 -0.35461 0.68062 0.18195 0.19326 0.68286
1644768511.102880955 -0.79583 -1.35814 -0.35467 0.68059 0.18204 0.19320 0.68288
1644768511.129672050 -0.79587 -1.35809 -0.35476 0.68059 0.18202 0.19316 0.68290
1644768511.142715931 -0.79586 -1.35808 -0.35487 0.68058 0.18205 0.19315 0.68291
1644768511.156044006 -0.79590 -1.35807 -0.35491 0.68056 0.18205 0.19315 0.68292
1644768511.209540129 -0.79605 -1.35835 -0.35507 0.68051 0.18213 0.19291 0.68302
