1645455893.871030092 -0.03276 -0.01350 0.20018 0.71934 -0.00882 -0.04511 0.69314
1645455893.924473047 -0.05528 -0.02865 0.23983 0.72466 -0.00760 -0.02782 0.68850
1645455893.977638960 -0.03773 -0.05119 0.25988 0.73891 0.02074 -0.04098 0.67224
1645455894.017509937 0.00288 -0.06944 0.26557 0.75185 0.07330 -0.08483 0.64974
1645455894.070757866 0.03397 -0.06573 0.27321 0.73811 0.10739 -0.11400 0.65625
1645455894.124114037 0.04646 -0.06980 0.28961 0.73179 0.11807 -0.11514 0.66128
1645455894.177531958 0.06512 -0.08951 0.29812 0.75162 0.13951 -0.12162 0.63309
1645455894.217688084 0.07034 -0.10247 0.31024 0.75335 0.13977 -0.10910 0.63326
1645455894.270970106 0.07964 -0.11212 0.32511 0.75261 0.14024 -0.09439 0.63640
1645455894.324389935 0.09527 -0.12320 0.33538 0.75313 0.14801 -0.08511 0.63533
1645455894.377585888 0.10926 -0.13221 0.34088 0.75640 0.15439 -0.07321 0.63140
1645455894.417557955 0.12097 -0.13924 0.34375 0.76096 0.16354 -0.06514 0.62447
1645455894.470856905 0.13916 -0.15060 0.34710 0.76761 0.17619 -0.06014 0.61328
1645455894.524235010 0.15902 -0.15569 0.34979 0.76679 0.18992 -0.05542 0.61065
1645455894.577554941 0.17824 -0.15841 0.35111 0.76393 0.19977 -0.04806 0.61171
1645455894.617627859 0.19461 -0.15871 0.35027 0.76228 0.20716 -0.04271 0.61171
1645455894.670925140 0.21512 -0.15840 0.34615 0.76236 0.21782 -0.03670 0.60829
1645455894.724395037 0.23678 -0.15976 0.33925 0.76431 0.22900 -0.03018 0.60206
1645455894.777766943 0.25909 -0.15955 0.32946 0.76341 0.23767 -0.02147 0.60022
1645455894.817677021 0.27403 -0.15949 0.31956 0.76282 0.24362 -0.00962 0.59888
1645455894.870975018 0.29035 -0.16050 0.30295 0.76550 0.25059 0.00772 0.59259
1645455894.924458981 0.29951 -0.16235 0.28390 0.77300 0.25715 0.01834 0.57966
1645455894.977841854 0.30686 -0.16340 0.26414 0.77882 0.26456 0.02034 0.56836
1645455895.017657042 0.31074 -0.16632 0.24767 0.78272 0.27017 0.01842 0.56037
1645455895.071025848 0.31767 -0.16757 0.22445 0.78670 0.27813 0.01850 0.55083
1645455895.124511003 0.32405 -0.16227 0.20174 0.79001 0.28316 0.02055 0.54340
1645455895.177799940 0.32583 -0.16134 0.17778 0.79399 0.28483 0.01883 0.53674
1645455895.217777014 0.32727 -0.15793 0.16011 0.79804 0.28211 0.02030 0.53211
1645455895.271205187 0.32319 -0.15312 0.13763 0.80450 0.27462 0.02230 0.52618
1645455895.324601173 0.31967 -0.14682 0.11565 0.80965 0.26518 0.02525 0.52298
1645455895.377800941 0.31779 -0.13777 0.09213 0.81536 0.25193 0.03156 0.52030
1645455895.417900085 0.31335 -0.13299 0.07558 0.81905 0.24101 0.03685 0.51935
1645455895.471155882 0.30794 -0.12558 0.05227 0.82288 0.22644 0.04216 0.51943
1645455895.524534941 0.29759 -0.12001 0.02969 0.82914 0.21225 0.04730 0.51502
1645455895.577882051 0.28836 -0.11138 0.00591 0.83342 0.20048 0.04709 0.51283
1645455895.617957830 0.27605 -0.10901 -0.00874 0.83804 0.19186 0.04730 0.50857
1645455895.671258211 0.26188 -0.10118 -0.02817 0.83989 0.18479 0.03848 0.50887
1645455895.724519014 0.24249 -0.09224 -0.04427 0.84385 0.18024 0.02917 0.50456
1645455895.777992964 0.22193 -0.08479 -0.05413 0.84492 0.17968 0.01367 0.50363
1645455895.818114996 0.20617 -0.07798 -0.05960 0.84862 0.17316 0.00148 0.49986
1645455895.871458054 0.18254 -0.07013 -0.05875 0.85242 0.16221 -0.01036 0.49695
1645455895.924806833 0.15866 -0.06646 -0.05199 0.85137 0.15211 -0.02555 0.50137
1645455895.978116035 0.13512 -0.06440 -0.03945 0.84753 0.14639 -0.03856 0.50870
1645455896.018079996 0.11760 -0.06428 -0.02950 0.84398 0.14364 -0.04718 0.51463
1645455896.071570873 0.09157 -0.06059 -0.01915 0.83827 0.13974 -0.05530 0.52413
1645455896.125163078 0.06619 -0.05743 -0.00572 0.83500 0.13573 -0.05618 0.53027
1645455896.178323030 0.03992 -0.05470 0.00669 0.82831 0.13684 -0.05901 0.54009
1645455896.218160152 0.02128 -0.05298 0.01586 0.82361 0.13793 -0.05907 0.54695
1645455896.271550894 -0.00278 -0.05249 0.02763 0.81791 0.13777 -0.05473 0.55593
1645455896.324863911 -0.02856 -0.05438 0.03828 0.81343 0.14461 -0.05033 0.56115
1645455896.378233194 -0.05319 -0.05585 0.05009 0.80810 0.15370 -0.05192 0.56626
1645455896.418179989 -0.07200 -0.06040 0.05917 0.80532 0.16198 -0.05099 0.56800
1645455896.471524000 -0.09831 -0.06743 0.07172 0.79831 0.17625 -0.04678 0.57397
1645455896.524912119 -0.12380 -0.07721 0.08402 0.79113 0.19468 -0.03469 0.57880
1645455896.578352213 -0.14955 -0.08472 0.09673 0.78459 0.21208 -0.02557 0.58205
1645455896.618331909 -0.16814 -0.08912 0.10745 0.77828 0.23174 -0.01800 0.58331
1645455896.671696901 -0.19278 -0.09804 0.11988 0.77069 0.25119 -0.00379 0.58560
1645455896.725198030 -0.21612 -0.11001 0.13054 0.76493 0.26578 0.01091 0.58662
1645455896.778306007 -0.23812 -0.12354 0.13983 0.75849 0.28516 0.02443 0.58547
1645455896.818279982 -0.25443 -0.13373 0.14584 0.75403 0.29887 0.03125 0.58407
1645455896.871673107 -0.27672 -0.14868 0.15070 0.74796 0.31319 0.04464 0.58351
1645455896.925017118 -0.29918 -0.16624 0.15192 0.74071 0.31999 0.06023 0.58764
1645455896.978399992 -0.32379 -0.18642 0.14954 0.73451 0.32555 0.07799 0.59028
1645455897.018511057 -0.34319 -0.20323 0.14503 0.73018 0.32978 0.08810 0.59188
1645455897.071792126 -0.37069 -0.22719 0.13729 0.72647 0.33484 0.10256 0.59128
1645455897.125153065 -0.40041 -0.25363 0.13070 0.72405 0.34474 0.10838 0.58750
1645455897.178559065 -0.43378 -0.28399 0.12530 0.72361 0.35501 0.11308 0.58101
1645455897.218763113 -0.45852 -0.30795 0.12482 0.72198 0.36202 0.11514 0.57829
1645455897.271834135 -0.49121 -0.34184 0.12326 0.71858 0.36916 0.12556 0.57585
1645455897.325199842 -0.52741 -0.37551 0.12159 0.72031 0.37177 0.13562 0.56969
1645455897.378513813 -0.55927 -0.40934 0.12463 0.72148 0.38511 0.13566 0.55924
1645455897.418580055 -0.58428 -0.43448 0.12834 0.71553 0.39918 0.13706 0.55667
1645455897.471935034 -0.61344 -0.47210 0.12871 0.70708 0.40879 0.14868 0.55751
1645455897.525334120 -0.64972 -0.51029 0.12506 0.70165 0.40894 0.16894 0.55849
1645455897.578616142 -0.68364 -0.55018 0.11840 0.69664 0.41393 0.18334 0.55655
1645455897.618669033 -0.71175 -0.58085 0.11245 0.69351 0.42173 0.18925 0.55261
1645455897.672013998 -0.75171 -0.62229 0.10579 0.68597 0.43551 0.19760 0.54838
1645455897.725354910 -0.79225 -0.66511 0.10017 0.68224 0.44854 0.20714 0.53894
1645455897.778705835 -0.83272 -0.70931 0.09890 0.68043 0.45739 0.21255 0.53164
1645455897.818710089 -0.86141 -0.74313 0.09797 0.67310 0.46637 0.22559 0.52777
1645455897.872082949 -0.89904 -0.79197 0.09769 0.66457 0.47852 0.24087 0.52091
1645455897.925480843 -0.93495 -0.83775 0.09695 0.65932 0.48922 0.24945 0.51355
1645455897.978796959 -0.97006 -0.88653 0.09401 0.65340 0.49927 0.26196 0.50515
1645455898.018714905 -0.99209 -0.92604 0.09131 0.64947 0.50512 0.26933 0.50051
1645455898.072036028 -1.02116 -0.97754 0.08671 0.64237 0.51290 0.27956 0.49613
1645455898.125562906 -1.04707 -1.03367 0.08037 0.63460 0.51882 0.28889 0.49462
1645455898.178696871 -1.07382 -1.08967 0.07317 0.62556 0.52397 0.29975 0.49426
1645455898.218796015 -1.09422 -1.13528 0.06793 0.62022 0.52678 0.30707 0.49349
1645455898.272165775 -1.11752 -1.19512 0.06382 0.61433 0.53608 0.31209 0.48766
1645455898.325573921 -1.13951 -1.25722 0.06235 0.60531 0.54933 0.31215 0.48415
1645455898.378948212 -1.15764 -1.31855 0.06503 0.60240 0.56159 0.31406 0.47232
1645455898.419031143 -1.17026 -1.36339 0.06941 0.59646 0.57327 0.30839 0.46957
1645455898.472214937 -1.18171 -1.41786 0.07713 0.58532 0.58634 0.31286 0.46446
1645455898.525748968 -1.19343 -1.47299 0.08311 0.57821 0.59092 0.32527 0.45901
1645455898.579008102 -1.20378 -1.52855 0.08647 0.56844 0.59469 0.33976 0.45583
1645455898.618992090 -1.21626 -1.57605 0.08514 0.56272 0.59856 0.34824 0.45144
1645455898.672389030 -1.22866 -1.63706 0.08123 0.55116 0.60936 0.35479 0.44613
1645455898.725672007 -1.24373 -1.70013 0.07704 0.53744 0.62215 0.35904 0.44178
1645455898.779057980 -1.25330 -1.76623 0.07304 0.52748 0.63226 0.36631 0.43338
1645455898.818970203 -1.26166 -1.81707 0.07219 0.51775 0.63876 0.37299 0.42988
1645455898.872394085 -1.26716 -1.88293 0.07195 0.50732 0.64628 0.38671 0.41881
1645455898.925829887 -1.27120 -1.94825 0.07330 0.49902 0.65743 0.39432 0.40408
1645455898.979120016 -1.27432 -2.01168 0.07682 0.48670 0.67151 0.39275 0.39742
1645455899.019151211 -1.27469 -2.05657 0.07989 0.47963 0.67671 0.39878 0.39114
1645455899.072530985 -1.27127 -2.11493 0.08252 0.47280 0.67778 0.41154 0.38434
1645455899.125970840 -1.26585 -2.17087 0.08318 0.46585 0.68121 0.42070 0.37677
1645455899.179286003 -1.25874 -2.23088 0.08189 0.45358 0.68910 0.42681 0.37046
1645455899.219295979 -1.25309 -2.27615 0.07869 0.44387 0.69541 0.43032 0.36636
1645455899.272660017 -1.23950 -2.33746 0.07510 0.42993 0.70452 0.43211 0.36346
1645455899.327275991 -1.22293 -2.40030 0.07288 0.41470 0.71415 0.43478 0.35913
1645455899.379204035 -1.20514 -2.45532 0.07175 0.40036 0.72014 0.43945 0.35776
1645455899.419462919 -1.19208 -2.50178 0.07236 0.39074 0.72674 0.44452 0.34867
1645455899.472973108 -1.17060 -2.55702 0.07555 0.37885 0.73702 0.44304 0.34203
1645455899.526139975 -1.14848 -2.61278 0.07998 0.37197 0.74254 0.44698 0.33239
1645455899.579555988 -1.12262 -2.66265 0.08287 0.36495 0.74523 0.45632 0.32127
1645455899.619530916 -1.10267 -2.70460 0.08469 0.35562 0.74798 0.46244 0.31655
1645455899.672826767 -1.07528 -2.76050 0.08382 0.34654 0.75037 0.47033 0.30928
1645455899.726184845 -1.04749 -2.81524 0.08028 0.33552 0.75491 0.47493 0.30326
1645455899.779582024 -1.01771 -2.87394 0.07557 0.32167 0.76047 0.47866 0.29849
1645455899.819597006 -0.99447 -2.91849 0.07237 0.31062 0.76538 0.48072 0.29430
1645455899.872956991 -0.96309 -2.97678 0.06929 0.29918 0.77099 0.48253 0.28851
1645455899.926268816 -0.92849 -3.03410 0.06935 0.28697 0.77568 0.48652 0.28155
1645455899.979413033 -0.89501 -3.09147 0.07183 0.27381 0.78117 0.49187 0.26993
1645455900.019478083 -0.86468 -3.13150 0.07495 0.26524 0.78825 0.48905 0.26296
1645455900.072822094 -0.82534 -3.18002 0.08130 0.25541 0.79402 0.48874 0.25581
1645455900.126208067 -0.78844 -3.22659 0.08745 0.24930 0.79487 0.49595 0.24509
1645455900.179559946 -0.74471 -3.26804 0.08939 0.24281 0.79652 0.50115 0.23547
1645455900.219691038 -0.71055 -3.29948 0.08857 0.23536 0.79780 0.50461 0.23127
1645455900.273080111 -0.66600 -3.33978 0.08408 0.22298 0.80034 0.50845 0.22630
1645455900.326487064 -0.61433 -3.37893 0.07696 0.20754 0.80194 0.51375 0.22336
1645455900.379596949 -0.55829 -3.41878 0.07055 0.19379 0.80176 0.51994 0.22202
1645455900.419563055 -0.51792 -3.44772 0.06664 0.18619 0.79904 0.52660 0.22263
1645455900.472872972 -0.46213 -3.48478 0.06489 0.17342 0.80311 0.53019 0.20938
1645455900.526359081 -0.40501 -3.52218 0.06815 0.15610 0.81283 0.52393 0.20108
1645455900.579628944 -0.34795 -3.55279 0.07704 0.14121 0.82246 0.51425 0.19793
1645455900.619620085 -0.30928 -3.56881 0.08425 0.13176 0.82330 0.51834 0.19010
1645455900.672955990 -0.25396 -3.58980 0.09050 0.12492 0.81876 0.53197 0.17618
1645455900.726339102 -0.19556 -3.61503 0.09175 0.11570 0.81715 0.54104 0.16173
1645455900.779649973 -0.13954 -3.63380 0.08956 0.10082 0.81662 0.54726 0.15320
1645455900.819654942 -0.09601 -3.65165 0.08703 0.09015 0.81590 0.55261 0.14422
1645455900.873050213 -0.03797 -3.67268 0.08107 0.07454 0.81420 0.55975 0.13493
1645455900.926394224 0.02220 -3.69597 0.07629 0.05601 0.81678 0.56072 0.12380
1645455900.979737997 0.08386 -3.71688 0.07313 0.04075 0.82041 0.55908 0.11268
1645455901.019767046 0.13145 -3.73092 0.07264 0.02425 0.82314 0.55795 0.10270
1645455901.073105812 0.19462 -3.74953 0.07420 0.00298 0.82617 0.55655 0.08768
1645455901.126423120 0.25799 -3.76329 0.07761 -0.01746 0.82868 0.55453 0.07406
1645455901.180161953 0.31951 -3.77187 0.08182 -0.02990 0.82854 0.55558 0.06283
1645455901.220153093 0.36322 -3.77594 0.08377 -0.03499 0.82739 0.55844 0.04835
1645455901.273635149 0.42345 -3.77772 0.08607 -0.04683 0.82774 0.55810 0.03432
1645455901.326897860 0.48364 -3.77807 0.08522 -0.06489 0.82776 0.55660 0.02834
1645455901.380106926 0.54320 -3.77700 0.08168 -0.07858 0.82418 0.56053 0.01892
1645455901.433199167 0.60204 -3.77327 0.07651 -0.08932 0.81969 0.56574 0.00834
1645455901.473405838 0.64990 -3.77011 0.07225 -0.10051 0.81800 0.56636 0.00362
1645455901.526671171 0.71624 -3.76668 0.07001 -0.11951 0.81802 0.56264 0.00150
1645455901.580064058 0.78106 -3.75937 0.07086 -0.13273 0.81928 0.55781 -0.00336
1645455901.619997978 0.82902 -3.75253 0.07387 -0.14158 0.82033 0.55402 -0.00843
1645455901.673316002 0.89066 -3.74220 0.07896 -0.15129 0.81741 0.55564 -0.01503
1645455901.726662874 0.94668 -3.72983 0.08355 -0.16057 0.81411 0.55731 -0.02908
1645455901.780007839 1.00562 -3.71642 0.08650 -0.17009 0.81039 0.55925 -0.03972
1645455901.820336819 1.04920 -3.70591 0.08715 -0.17811 0.80795 0.55967 -0.04746
1645455901.873349190 1.10958 -3.69423 0.08586 -0.18930 0.80535 0.55838 -0.06161
1645455901.926712990 1.17011 -3.68044 0.08276 -0.20170 0.80253 0.55705 -0.07041
1645455901.980207205 1.23034 -3.66407 0.07871 -0.21384 0.79998 0.55460 -0.08205
1645455902.020079136 1.27904 -3.65371 0.07760 -0.22654 0.79612 0.55478 -0.08427
1645455902.073405027 1.34268 -3.63491 0.07771 -0.24035 0.79102 0.55531 -0.09027
1645455902.126770973 1.40586 -3.61703 0.08077 -0.25304 0.78524 0.55539 -0.10439
1645455902.180146933 1.46738 -3.59184 0.08404 -0.27255 0.78111 0.54959 -0.11635
1645455902.220218897 1.51200 -3.57253 0.08751 -0.28625 0.77986 0.54394 -0.11838
1645455902.273520231 1.56670 -3.54357 0.09014 -0.30303 0.77565 0.53750 -0.13282
1645455902.326830149 1.61982 -3.51314 0.09296 -0.31661 0.77133 0.53264 -0.14530
1645455902.380282879 1.66913 -3.48051 0.09327 -0.33279 0.76447 0.53003 -0.15458
1645455902.420400858 1.70559 -3.45314 0.09219 -0.34327 0.75894 0.52989 -0.15936
1645455902.473980904 1.75109 -3.41521 0.08803 -0.35090 0.75292 0.53214 -0.16374
1645455902.527154922 1.79625 -3.37434 0.08323 -0.36264 0.74603 0.53218 -0.16945
1645455902.580651999 1.84060 -3.33155 0.07972 -0.37537 0.73993 0.53023 -0.17451
1645455902.620568037 1.87151 -3.29786 0.07887 -0.38452 0.73547 0.52775 -0.18085
1645455902.673952103 1.91295 -3.25172 0.08044 -0.39795 0.72820 0.52464 -0.19007
1645455902.727130890 1.95093 -3.20597 0.08554 -0.40913 0.72184 0.52251 -0.19634
1645455902.780405045 1.98206 -3.16266 0.09123 -0.41399 0.71334 0.52567 -0.20840
1645455902.820416927 2.00926 -3.12904 0.09443 -0.41422 0.70953 0.52422 -0.22403
1645455902.873955011 2.04214 -3.08154 0.09689 -0.42034 0.70314 0.52309 -0.23513
1645455902.927106142 2.07650 -3.03292 0.09653 -0.42972 0.69503 0.52210 -0.24431
1645455902.980503082 2.11026 -2.98350 0.09401 -0.43849 0.68563 0.52128 -0.25673
1645455903.020527124 2.13689 -2.94567 0.09100 -0.44630 0.67771 0.51941 -0.26785
1645455903.074003935 2.17436 -2.89320 0.08819 -0.46229 0.66729 0.51465 -0.27596
1645455903.127291918 2.20891 -2.83855 0.08830 -0.48228 0.65617 0.50787 -0.28094
1645455903.180675983 2.23863 -2.78479 0.09040 -0.49514 0.64610 0.50021 -0.29527
1645455903.220525980 2.26084 -2.74382 0.09205 -0.50186 0.64086 0.49300 -0.30723
1645455903.273931980 2.28770 -2.68774 0.09640 -0.51631 0.63436 0.48124 -0.31531
1645455903.327497959 2.30987 -2.63167 0.10157 -0.53006 0.62643 0.46906 -0.32650
1645455903.380706072 2.32500 -2.57376 0.10523 -0.54213 0.61736 0.46254 -0.33318
1645455903.420805216 2.33308 -2.53044 0.10631 -0.55081 0.60943 0.45956 -0.33766
1645455903.473958969 2.34658 -2.47375 0.10527 -0.55749 0.59944 0.45622 -0.34890
1645455903.527283907 2.35634 -2.41449 0.10122 -0.56453 0.58875 0.45246 -0.36050
1645455903.581129074 2.36101 -2.35183 0.09591 0.57664 -0.57573 -0.44980 0.36564
1645455903.620787859 2.36599 -2.30598 0.09316 0.58763 -0.56532 -0.44814 0.36643
1645455903.674161911 2.36463 -2.24373 0.08944 0.60022 -0.55255 -0.44455 0.36987
1645455903.727494001 2.36520 -2.18289 0.08816 0.60933 -0.54051 -0.43891 0.37937
1645455903.780859947 2.35400 -2.12261 0.08633 0.61719 -0.53330 -0.42743 0.38984
1645455903.820981026 2.35257 -2.07381 0.08687 0.62374 -0.53072 -0.42215 0.38869
1645455903.874227047 2.34055 -2.01559 0.08825 0.63524 -0.52195 -0.41461 0.39003
1645455903.927593946 2.33378 -1.95695 0.08885 0.63819 -0.51485 -0.40872 0.40074
1645455903.980930090 2.32140 -1.90215 0.08468 0.63918 -0.50790 -0.40023 0.41629
1645455904.020653009 2.31411 -1.85760 0.08012 0.64321 -0.50014 -0.39513 0.42427
1645455904.074074030 2.30348 -1.79873 0.07252 0.64994 -0.48873 -0.38793 0.43385
1645455904.127371073 2.29352 -1.73646 0.06723 0.66010 -0.47567 -0.38063 0.43946
1645455904.180753946 2.28203 -1.67297 0.06660 0.67223 -0.46015 -0.37888 0.43912
1645455904.221318960 2.27100 -1.63071 0.06723 0.67929 -0.44747 -0.37509 0.44457
1645455904.274368048 2.25408 -1.57307 0.07026 0.68913 -0.43335 -0.35945 0.45619
1645455904.327708960 2.23457 -1.51687 0.07515 0.70333 -0.42191 -0.34620 0.45549
1645455904.380956888 2.21588 -1.46256 0.08037 0.71329 -0.40890 -0.33898 0.45729
1645455904.421017170 2.19870 -1.42756 0.08398 0.71620 -0.40173 -0.33098 0.46489
1645455904.474591017 2.17245 -1.37739 0.08697 0.72175 -0.39126 -0.32124 0.47202
1645455904.528297901 2.14570 -1.32846 0.08767 0.73042 -0.37597 -0.31602 0.47462
1645455904.581029177 2.11692 -1.28367 0.08604 0.73693 -0.36149 -0.31167 0.47867
1645455904.621125221 2.09400 -1.24743 0.08377 0.73965 -0.35100 -0.30897 0.48400
1645455904.674467087 2.06237 -1.20210 0.08007 0.74332 -0.33821 -0.30754 0.48837
1645455904.727695942 2.02827 -1.15328 0.07717 0.75072 -0.32503 -0.30345 0.48856
1645455904.780977964 1.99445 -1.10813 0.07521 0.75444 -0.31543 -0.29824 0.49232
1645455904.821334124 1.96915 -1.07322 0.07519 0.75802 -0.30816 -0.29280 0.49468
1645455904.874680042 1.93505 -1.02841 0.07663 0.76298 -0.29775 -0.28875 0.49582
1645455904.927850008 1.90184 -0.98878 0.07824 0.76397 -0.29443 -0.28084 0.50079
1645455904.981253862 1.86636 -0.94652 0.07964 0.76452 -0.29147 -0.27041 0.50738
1645455905.021218061 1.83969 -0.91562 0.08018 0.76415 -0.28859 -0.26674 0.51150
1645455905.074763060 1.80557 -0.87258 0.07904 0.76538 -0.28034 -0.25968 0.51785
1645455905.128097057 1.76923 -0.82943 0.07417 0.76746 -0.27187 -0.25487 0.52167
1645455905.181263924 1.73157 -0.78840 0.06817 0.77071 -0.26355 -0.24491 0.52589
1645455905.221226931 1.70407 -0.75459 0.06431 0.77473 -0.25567 -0.24130 0.52555
1645455905.274478197 1.66492 -0.70949 0.06091 0.78215 -0.24353 -0.24202 0.51996
1645455905.327805996 1.62716 -0.66904 0.06143 0.78611 -0.23184 -0.23410 0.52296
1645455905.381486177 1.58695 -0.62838 0.06244 0.78639 -0.22371 -0.22545 0.52982
1645455905.421579123 1.55643 -0.60002 0.06328 0.79177 -0.21512 -0.21741 0.52874
1645455905.474859953 1.51535 -0.56600 0.06632 0.79647 -0.20565 -0.21251 0.52743
1645455905.529147863 1.47508 -0.53687 0.07152 0.79935 -0.19859 -0.20266 0.52964
1645455905.582661867 1.43356 -0.51041 0.07423 0.80011 -0.19270 -0.19427 0.53381
1645455905.621243954 1.40345 -0.49257 0.07543 0.80066 -0.18558 -0.19104 0.53667
1645455905.674808025 1.36119 -0.46844 0.07581 0.80252 -0.17485 -0.18656 0.53906
1645455905.728207111 1.31977 -0.44431 0.07594 0.80274 -0.16433 -0.18441 0.54276
1645455905.781633139 1.27493 -0.42245 0.07253 0.80455 -0.15241 -0.18209 0.54434
1645455905.821648836 1.24075 -0.40664 0.07021 0.80746 -0.14262 -0.18142 0.54292
1645455905.874932051 1.19755 -0.38936 0.06947 0.80901 -0.13473 -0.18112 0.54272
1645455905.928033113 1.15458 -0.37387 0.06864 0.80888 -0.12675 -0.17494 0.54684
1645455905.981487036 1.10976 -0.35346 0.07126 0.81107 -0.11543 -0.16809 0.54825
1645455906.021517992 1.07465 -0.34073 0.07189 0.81299 -0.10967 -0.16741 0.54681
1645455906.074718952 1.03179 -0.32636 0.07334 0.81447 -0.10279 -0.16096 0.54787
1645455906.128037930 0.99044 -0.30713 0.07499 0.81282 -0.10075 -0.15449 0.55254
1645455906.181437016 0.94976 -0.29392 0.07286 0.81150 -0.09860 -0.14343 0.55783
1645455906.221676111 0.91861 -0.28333 0.07042 0.81265 -0.09597 -0.13536 0.55863
1645455906.274855852 0.88007 -0.26735 0.06848 0.81455 -0.08586 -0.12759 0.55933
1645455906.328571796 0.83985 -0.25893 0.06387 0.81574 -0.07518 -0.11822 0.56119
1645455906.381955147 0.79874 -0.25063 0.05804 0.81768 -0.06388 -0.10602 0.56221
1645455906.422308207 0.76789 -0.24206 0.05455 0.81963 -0.05413 -0.10012 0.56148
1645455906.475425005 0.72734 -0.23351 0.05049 0.82142 -0.04109 -0.09252 0.56127
1645455906.528293848 0.68696 -0.22298 0.04731 0.81910 -0.02613 -0.08028 0.56741
1645455906.581809998 0.64826 -0.21573 0.04340 0.82101 -0.01736 -0.06952 0.56640
1645455906.635048866 0.61083 -0.21006 0.04081 0.82159 -0.00525 -0.05884 0.56701
1645455906.674907923 0.58370 -0.20860 0.03783 0.82147 0.00233 -0.05477 0.56762
1645455906.728343010 0.54933 -0.20497 0.03299 0.82306 0.00789 -0.04278 0.56629
1645455906.781763077 0.51750 -0.21285 0.02588 0.82338 0.01296 -0.03167 0.56646
1645455906.821786165 0.49519 -0.21917 0.02077 0.82435 0.01846 -0.02315 0.56530
1645455906.875161171 0.46659 -0.23396 0.01222 0.82396 0.02670 -0.01404 0.56585
1645455906.928420067 0.43844 -0.25000 0.00436 0.82266 0.03200 -0.00190 0.56763
1645455906.981726885 0.41342 -0.27244 -0.00592 0.82165 0.03365 0.00880 0.56893
1645455907.021772146 0.39690 -0.28705 -0.01282 0.82294 0.03521 0.01660 0.56679
1645455907.075166941 0.37444 -0.31293 -0.02153 0.82574 0.04209 0.02192 0.56205
1645455907.128664017 0.35548 -0.33994 -0.02876 0.82675 0.04620 0.02486 0.56012
1645455907.182170868 0.33905 -0.36463 -0.03587 0.82750 0.04659 0.03351 0.55852
1645455907.222131968 0.32587 -0.38595 -0.03937 0.82817 0.04845 0.03905 0.55701
1645455907.275531054 0.30987 -0.41310 -0.04217 0.82540 0.05462 0.03813 0.56061
1645455907.328378916 0.29843 -0.43993 -0.04392 0.82282 0.05463 0.04459 0.56391
1645455907.381736040 0.28787 -0.46637 -0.04515 0.81840 0.05900 0.04860 0.56955
1645455907.435162783 0.27908 -0.48902 -0.04499 0.81494 0.06507 0.05344 0.57339
1645455907.475220919 0.27129 -0.50661 -0.04513 0.81117 0.06935 0.05664 0.57792
1645455907.528564930 0.26218 -0.52749 -0.04592 0.80784 0.07288 0.06224 0.58156
1645455907.581948996 0.25176 -0.54406 -0.04650 0.80464 0.07748 0.06689 0.58487
1645455907.621905804 0.24369 -0.55603 -0.04700 0.80303 0.08137 0.07160 0.58600
1645455907.675215006 0.23147 -0.56892 -0.04661 0.80011 0.08609 0.07819 0.58847
1645455907.728592873 0.21785 -0.58232 -0.04541 0.79918 0.09458 0.08213 0.58789
1645455907.782362938 0.20196 -0.59534 -0.04359 0.79742 0.10292 0.08775 0.58808
1645455907.822407007 0.18978 -0.60538 -0.04223 0.79645 0.10972 0.09031 0.58777
1645455907.875642061 0.17281 -0.61673 -0.03977 0.79675 0.11858 0.09549 0.58482
1645455907.929172993 0.15524 -0.62738 -0.03710 0.79912 0.12620 0.10060 0.57910
1645455907.982058048 0.13732 -0.63685 -0.03368 0.80047 0.13700 0.10472 0.57403
1645455908.022310972 0.12321 -0.64473 -0.02956 0.80234 0.14248 0.10546 0.56994
1645455908.075353146 0.10568 -0.65328 -0.02328 0.80206 0.14818 0.10987 0.56804
1645455908.128730774 0.08815 -0.66221 -0.01545 0.80143 0.15425 0.11185 0.56693
1645455908.182091951 0.07227 -0.66912 -0.00686 0.80091 0.15897 0.11492 0.56574
1645455908.222329140 0.06098 -0.67349 -0.00016 0.79949 0.16412 0.11664 0.56593
1645455908.275729895 0.04624 -0.68284 0.00809 0.79936 0.16847 0.11863 0.56442
1645455908.329020977 0.03251 -0.68997 0.01561 0.79837 0.17161 0.12514 0.56346
1645455908.382393122 0.02032 -0.69596 0.02194 0.79691 0.17626 0.12884 0.56326
1645455908.422418833 0.01166 -0.70121 0.02564 0.79675 0.17946 0.13154 0.56185
1645455908.475727081 0.00095 -0.70652 0.03040 0.79726 0.18323 0.13133 0.55996
1645455908.529168844 -0.00718 -0.70923 0.03587 0.79605 0.19080 0.12732 0.56008
1645455908.582352877 -0.01427 -0.70963 0.04185 0.79393 0.19501 0.12791 0.56150
1645455908.635711908 -0.02002 -0.71007 0.04833 0.79379 0.19698 0.13014 0.56050
1645455908.675759077 -0.02330 -0.70845 0.05363 0.79149 0.20098 0.12839 0.56273
1645455908.728935957 -0.02711 -0.70492 0.06033 0.79157 0.20618 0.12909 0.56057
1645455908.782371998 -0.02943 -0.70087 0.06622 0.79096 0.21145 0.12713 0.55991
1645455908.848933935 -0.02954 -0.69421 0.07266 0.78832 0.21755 0.13096 0.56042
1645455908.875848055 -0.03038 -0.69221 0.07541 0.78760 0.22071 0.13136 0.56010
1645455908.929256916 -0.03013 -0.68464 0.07973 0.78585 0.22870 0.13319 0.55893
1645455908.982470989 -0.02959 -0.67883 0.08320 0.78218 0.23582 0.13895 0.55971
1645455909.022661209 -0.03007 -0.67340 0.08522 0.77903 0.24057 0.14266 0.56115
1645455909.075878859 -0.02938 -0.66632 0.08646 0.77590 0.24604 0.14741 0.56188
1645455909.129179955 -0.03014 -0.65709 0.08711 0.77324 0.25137 0.15098 0.56224
1645455909.182569981 -0.02978 -0.64811 0.08613 0.77208 0.25832 0.15265 0.56023
1645455909.222511053 -0.03122 -0.64165 0.08484 0.77102 0.26310 0.15315 0.55934
1645455909.275867939 -0.03296 -0.63211 0.08098 0.76952 0.26750 0.15403 0.55906
1645455909.329163074 -0.03667 -0.62232 0.07639 0.77062 0.26746 0.15689 0.55678
1645455909.382528067 -0.04273 -0.61297 0.07170 0.77043 0.26945 0.15753 0.55589
1645455909.422421932 -0.04861 -0.60485 0.06911 0.77191 0.26987 0.15778 0.55356
1645455909.475887060 -0.05938 -0.59393 0.06634 0.77209 0.27088 0.15918 0.55241
1645455909.529402018 -0.07143 -0.58808 0.06250 0.77298 0.26845 0.16262 0.55135
1645455909.583405018 -0.08529 -0.58340 0.05903 0.77251 0.26883 0.16401 0.55142
1645455909.623261929 -0.09722 -0.58118 0.05715 0.77366 0.27110 0.16157 0.54941
1645455909.676057100 -0.11486 -0.57885 0.05567 0.77224 0.27502 0.15556 0.55120
1645455909.729425907 -0.13264 -0.57575 0.05550 0.76834 0.27491 0.15641 0.55643
1645455909.783001184 -0.15095 -0.57707 0.05364 0.76695 0.27291 0.16109 0.55800
1645455909.822985888 -0.16431 -0.57903 0.05320 0.76624 0.27493 0.16039 0.55818
1645455909.876286983 -0.18222 -0.58007 0.05343 0.76774 0.27642 0.15641 0.55651
1645455909.929790020 -0.19865 -0.58347 0.05235 0.76797 0.27524 0.15901 0.55604
1645455909.983124018 -0.21471 -0.58614 0.05139 0.77024 0.27520 0.15734 0.55339
1645455910.022732973 -0.22607 -0.58771 0.05085 0.77184 0.27863 0.15335 0.55055
1645455910.076174021 -0.23797 -0.59143 0.04925 0.77366 0.28004 0.15252 0.54750
1645455910.129414797 -0.24830 -0.59307 0.04999 0.77331 0.28126 0.15085 0.54784
1645455910.182754040 -0.25624 -0.59376 0.05032 0.77220 0.28108 0.14985 0.54976
1645455910.222729921 -0.26103 -0.59583 0.04865 0.77305 0.27924 0.15212 0.54888
1645455910.276117086 -0.26614 -0.59503 0.04843 0.77212 0.28043 0.15109 0.54988
1645455910.330169201 -0.26927 -0.59217 0.04847 0.77275 0.27895 0.15228 0.54942
1645455910.383460045 -0.27097 -0.58907 0.04846 0.77271 0.27769 0.15350 0.54977
1645455910.423409939 -0.27120 -0.58721 0.04873 0.77279 0.27841 0.15274 0.54951
1645455910.476727962 -0.26968 -0.58411 0.04959 0.77259 0.27928 0.15050 0.54996
1645455910.529931068 -0.26762 -0.58144 0.04993 0.77145 0.27807 0.15036 0.55220
1645455910.583384037 -0.26575 -0.57870 0.04965 0.77020 0.27515 0.14707 0.55629
1645455910.623282909 -0.26376 -0.57580 0.04829 0.76935 0.27052 0.14508 0.56024
1645455910.676345110 -0.26229 -0.56831 0.04763 0.76979 0.26513 0.14151 0.56312
1645455910.729560137 -0.25951 -0.56327 0.04570 0.77020 0.25992 0.13404 0.56681
1645455910.782936096 -0.25639 -0.56042 0.04197 0.77170 0.25258 0.13261 0.56842
1645455910.823008060 -0.25409 -0.55596 0.04001 0.77187 0.24728 0.12936 0.57126
1645455910.876607895 -0.25003 -0.54999 0.03689 0.77377 0.23997 0.12818 0.57207
1645455910.929933071 -0.24635 -0.54099 0.03447 0.77482 0.23213 0.12889 0.57372
1645455910.983285904 -0.24194 -0.53274 0.03135 0.77660 0.22640 0.12762 0.57388
1645455911.023369074 -0.23975 -0.52367 0.02981 0.77937 0.22276 0.12546 0.57204
1645455911.076725006 -0.23579 -0.51524 0.02748 0.78033 0.22090 0.12009 0.57259
1645455911.129735947 -0.23128 -0.50701 0.02470 0.78094 0.21558 0.11799 0.57424
1645455911.183091879 -0.22670 -0.49952 0.02126 0.78016 0.20848 0.11660 0.57818
1645455911.223132849 -0.22313 -0.49426 0.01785 0.78021 0.20396 0.11569 0.57990
1645455911.276794910 -0.21819 -0.48862 0.01206 0.78141 0.19924 0.11581 0.57991
1645455911.330345869 -0.21342 -0.48522 0.00594 0.78317 0.19852 0.11429 0.57807
1645455911.383498907 -0.20777 -0.48421 -0.00053 0.78257 0.19913 0.11194 0.57914
1645455911.423611879 -0.20334 -0.48464 -0.00514 0.78219 0.19849 0.11098 0.58006
